ZTF19aalyleg 0.06677143 102.219909 19.351953
filter ztfg
58547.229 20.258 0.097 
58559.166 18.816 0.071 
58561.259 18.862 0.131 
58562.182 18.723 0.075 
58562.207 19.126 0.138 
58587.172 20.702 0.278 
filter ztfr
58559.199 18.708 0.052 
58562.127 18.762 0.063 
58567.129 18.873 0.022 
58592.216 20.190 0.264 
58597.203 20.264 0.184 
58597.203 20.290 0.178 
58597.204 20.274 0.186 
58599.150 20.338 0.122 
58601.177 19.898 0.127 
58601.177 20.137 0.159 
58607.187 20.170 0.258 
58607.187 20.202 0.256 
58618.168 19.936 0.197 
filter ztfi
58561.119 18.998 0.114 
