ZTF18aaguhgb 0.1242879 219.454116 45.549285
filter ztfg
58202.308 20.131 0.114 
58202.350 20.056 0.084 
58202.359 20.098 0.079 
58202.371 20.042 0.066 
58202.381 20.151 0.066 
58202.382 20.059 0.065 
58202.383 19.955 0.052 
58203.360 19.842 0.079 
58203.361 19.977 0.094 
58203.385 20.018 0.101 
58203.386 19.853 0.070 
58203.407 19.826 0.064 
58203.408 19.828 0.067 
58204.327 19.487 0.093 
58204.346 19.750 0.106 
58204.346 19.801 0.114 
58204.361 19.538 0.080 
58204.361 19.595 0.105 
58204.391 19.697 0.092 
58204.392 19.665 0.104 
58204.398 19.858 0.116 
58204.399 19.828 0.113 
58204.419 19.628 0.083 
58204.438 19.632 0.074 
58204.439 19.739 0.084 
58205.325 19.627 0.118 
58205.339 19.736 0.138 
58205.348 19.491 0.177 
58205.362 19.502 0.113 
58205.362 19.646 0.133 
58205.378 19.455 0.107 
58205.379 19.346 0.107 
58205.382 19.615 0.171 
58205.383 19.293 0.127 
58205.398 19.592 0.202 
58205.414 19.495 0.157 
58205.415 19.833 0.195 
58205.419 19.650 0.251 
58205.438 19.496 0.097 
58205.484 19.581 0.073 
58205.484 19.514 0.073 
58206.300 19.410 0.085 
58206.310 19.285 0.077 
58206.310 19.359 0.074 
58206.323 19.462 0.087 
58206.323 19.368 0.075 
58206.351 19.367 0.076 
58206.352 19.347 0.068 
58206.361 19.483 0.077 
58206.362 19.496 0.077 
58206.386 19.410 0.078 
58206.395 19.326 0.066 
58206.398 19.312 0.066 
58206.399 19.320 0.074 
58206.437 19.394 0.064 
58207.305 19.219 0.095 
58207.305 19.145 0.081 
58207.322 19.407 0.105 
58207.322 19.286 0.099 
58207.339 19.306 0.095 
58207.346 19.134 0.082 
58207.358 19.258 0.083 
58207.366 19.490 0.098 
58207.378 19.173 0.077 
58207.381 19.237 0.077 
58207.399 19.252 0.069 
58207.400 19.516 0.092 
58208.346 19.485 0.247 
58208.366 19.507 0.202 
58208.382 19.269 0.231 
58208.394 19.576 0.308 
58208.400 18.853 0.192 
58208.401 19.538 0.304 
58208.418 18.843 0.171 
58208.420 19.041 0.209 
58208.504 19.454 0.171 
58210.356 19.203 0.095 
58210.357 19.146 0.097 
58210.384 18.983 0.090 
58210.386 19.155 0.103 
58210.420 19.024 0.075 
58210.423 19.080 0.070 
58210.438 19.079 0.075 
58210.440 19.031 0.071 
58211.333 19.061 0.090 
58211.341 19.260 0.115 
58211.348 19.000 0.100 
58211.357 19.015 0.090 
58211.358 18.964 0.084 
58211.359 19.035 0.100 
58211.371 19.011 0.087 
58211.372 18.895 0.072 
58211.373 19.062 0.089 
58211.380 19.148 0.102 
58211.395 18.994 0.092 
58211.413 19.030 0.111 
58211.415 18.958 0.090 
58211.416 18.945 0.094 
58211.442 18.883 0.085 
58214.258 18.991 0.250 
58214.286 18.997 0.063 
58214.287 19.129 0.071 
58216.268 18.979 0.039 
58223.325 19.324 0.022 
58223.326 19.285 0.023 
58227.324 19.531 0.053 
58227.325 19.436 0.044 
58227.330 19.504 0.044 
58227.347 19.532 0.054 
58227.348 19.572 0.057 
58227.349 19.352 0.036 
58229.289 19.829 0.067 
58229.298 19.620 0.052 
58229.299 19.719 0.057 
58229.300 19.678 0.053 
58229.321 19.655 0.048 
58229.330 19.888 0.064 
58229.330 19.817 0.062 
58229.331 19.770 0.059 
58229.346 19.675 0.057 
58230.354 19.859 0.050 
58230.366 19.821 0.042 
58230.367 19.860 0.044 
58230.370 19.785 0.042 
58230.371 19.863 0.048 
58230.394 19.797 0.057 
58231.389 19.804 0.053 
58231.390 19.939 0.060 
58231.391 19.963 0.055 
58231.393 19.876 0.055 
58231.414 19.956 0.072 
58231.414 19.954 0.065 
58231.435 19.990 0.068 
58232.265 20.004 0.120 
58232.266 19.957 0.126 
58232.270 20.155 0.146 
58232.276 20.155 0.114 
58232.277 19.805 0.081 
58232.278 19.931 0.091 
58232.286 19.999 0.103 
58232.449 20.019 0.070 
58233.297 20.058 0.104 
58233.298 20.025 0.086 
58233.305 20.022 0.086 
58233.306 20.065 0.088 
58234.194 20.337 0.247 
58234.195 20.124 0.200 
58234.307 20.144 0.168 
58234.308 19.871 0.119 
58234.327 20.610 0.256 
58234.328 20.194 0.169 
58234.331 20.286 0.200 
58234.332 20.364 0.230 
58234.353 20.220 0.254 
58234.379 20.191 0.191 
58234.381 19.833 0.173 
58234.414 19.881 0.215 
58234.434 20.437 0.201 
58235.236 20.382 0.230 
58235.324 20.049 0.163 
58235.326 20.412 0.248 
58235.327 20.668 0.278 
58235.328 20.457 0.239 
58235.340 20.481 0.245 
58235.343 20.296 0.210 
58235.344 19.747 0.133 
58235.345 19.910 0.155 
58236.238 20.143 0.215 
58236.341 20.265 0.235 
58236.469 20.146 0.273 
58237.304 20.168 0.268 
58237.434 20.065 0.295 
58242.220 21.161 0.224 
58242.245 21.123 0.184 
58243.223 21.427 0.249 
58243.224 20.904 0.175 
58243.238 21.430 0.244 
58243.239 21.236 0.205 
58243.239 21.134 0.185 
58245.333 20.579 0.159 
58248.338 21.193 0.180 
58248.360 20.964 0.152 
58249.193 21.187 0.202 
58249.342 21.145 0.218 
58249.373 21.032 0.225 
58258.308 21.627 0.215 
filter ztfr
58214.321 18.795 0.131 
58214.321 18.776 0.149 
58214.338 18.945 0.091 
58214.339 19.189 0.105 
58214.339 19.077 0.099 
58214.340 18.932 0.087 
58214.341 19.052 0.105 
58214.341 19.148 0.111 
58216.242 19.067 0.046 
58216.278 18.979 0.035 
58216.289 18.938 0.045 
58217.300 19.067 0.044 
58217.324 19.178 0.060 
58217.325 19.005 0.058 
58217.326 19.095 0.060 
58217.342 19.213 0.066 
58217.351 19.029 0.033 
58217.358 19.061 0.030 
58217.359 19.014 0.028 
58217.360 19.079 0.031 
58217.363 18.993 0.025 
58217.364 19.054 0.027 
58217.364 19.016 0.025 
58217.390 19.046 0.026 
58217.394 19.116 0.030 
58217.400 19.037 0.031 
58217.401 18.980 0.026 
58217.402 18.905 0.023 
58217.432 18.997 0.034 
58217.454 19.022 0.031 
58217.457 19.092 0.037 
58218.283 19.127 0.039 
58218.316 19.021 0.032 
58218.331 18.920 0.035 
58218.342 18.973 0.034 
58218.347 18.956 0.027 
58218.348 18.942 0.029 
58218.369 19.036 0.030 
58218.370 19.014 0.031 
58218.372 18.845 0.026 
58218.373 18.965 0.032 
58218.383 19.135 0.031 
58218.384 19.060 0.030 
58218.401 19.002 0.032 
58218.442 18.938 0.034 
58218.463 18.849 0.036 
58219.283 18.982 0.044 
58219.283 19.041 0.045 
58219.284 19.054 0.046 
58219.329 18.951 0.038 
58219.329 18.979 0.036 
58219.340 18.930 0.033 
58219.342 19.003 0.033 
58219.349 19.009 0.035 
58219.368 18.873 0.031 
58219.369 18.964 0.037 
58219.372 18.989 0.035 
58219.376 18.936 0.034 
58219.395 18.933 0.037 
58219.397 18.904 0.037 
58219.398 18.987 0.040 
58219.440 19.130 0.078 
58222.286 19.053 0.050 
58222.301 19.073 0.045 
58222.311 19.002 0.044 
58222.312 18.999 0.046 
58222.312 19.102 0.046 
58222.316 19.141 0.053 
58222.323 18.958 0.046 
58222.324 19.064 0.047 
58222.325 19.045 0.046 
58222.326 19.186 0.051 
58222.326 19.086 0.043 
58222.336 18.987 0.043 
58222.337 19.011 0.049 
58222.350 19.030 0.040 
58222.351 19.059 0.046 
58222.372 19.139 0.040 
58222.374 19.134 0.041 
58222.392 19.053 0.042 
58222.393 18.973 0.038 
58222.417 19.089 0.045 
58223.300 19.056 0.028 
58223.401 19.067 0.032 
58224.297 19.182 0.057 
58224.319 19.110 0.059 
58224.319 19.250 0.081 
58224.420 19.010 0.054 
58224.423 19.145 0.060 
58224.424 19.021 0.059 
58226.274 19.226 0.042 
58226.288 19.351 0.043 
58226.300 19.206 0.032 
58226.301 19.401 0.034 
58226.302 19.310 0.040 
58226.311 19.305 0.036 
58226.311 19.270 0.031 
58226.320 19.150 0.036 
58226.321 19.315 0.036 
58226.325 19.308 0.039 
58226.325 19.326 0.045 
58226.326 19.314 0.040 
58226.350 19.296 0.033 
58226.351 19.231 0.030 
58226.352 19.332 0.030 
58226.373 19.156 0.034 
58226.374 19.258 0.036 
58226.392 19.274 0.046 
58226.395 19.317 0.045 
58226.401 19.223 0.047 
58227.197 19.395 0.055 
58227.197 19.267 0.049 
58227.198 19.402 0.051 
58227.198 19.322 0.051 
58227.198 19.343 0.050 
58227.199 19.387 0.051 
58227.199 19.441 0.057 
58227.200 19.301 0.054 
58227.200 19.319 0.052 
58227.201 19.304 0.057 
58227.201 19.378 0.058 
58227.202 19.456 0.058 
58227.202 19.384 0.048 
58227.203 19.358 0.050 
58227.203 19.551 0.056 
58227.204 19.475 0.061 
58227.204 19.348 0.056 
58227.204 19.359 0.057 
58227.205 19.403 0.051 
58227.205 19.451 0.056 
58227.206 19.478 0.054 
58227.206 19.270 0.048 
58227.207 19.375 0.049 
58227.207 19.391 0.051 
58227.208 19.380 0.051 
58227.208 19.335 0.050 
58227.209 19.451 0.059 
58227.209 19.381 0.055 
58227.209 19.369 0.053 
58227.210 19.438 0.056 
58227.210 19.302 0.052 
58227.211 19.413 0.059 
58227.211 19.310 0.055 
58227.212 19.360 0.055 
58227.212 19.255 0.048 
58227.213 19.342 0.051 
58227.213 19.462 0.059 
58227.214 19.372 0.053 
58227.214 19.382 0.059 
58227.214 19.332 0.056 
58227.215 19.392 0.062 
58227.215 19.443 0.063 
58227.216 19.381 0.059 
58227.216 19.280 0.049 
58227.217 19.454 0.055 
58227.217 19.292 0.051 
58227.218 19.244 0.047 
58227.218 19.221 0.049 
58227.219 19.292 0.047 
58227.219 19.332 0.047 
58227.219 19.298 0.045 
58227.220 19.306 0.047 
58227.220 19.365 0.054 
58227.221 19.288 0.049 
58227.221 19.389 0.050 
58227.222 19.382 0.061 
58227.222 19.273 0.053 
58227.223 19.423 0.067 
58227.223 19.450 0.070 
58227.224 19.412 0.077 
58227.224 19.247 0.056 
58227.225 19.396 0.061 
58227.225 19.412 0.066 
58227.225 19.283 0.058 
58227.226 19.338 0.067 
58227.226 19.331 0.065 
58227.227 19.249 0.053 
58227.227 19.359 0.069 
58227.228 19.337 0.065 
58227.228 19.384 0.063 
58227.229 19.385 0.056 
58227.229 19.264 0.049 
58227.230 19.433 0.059 
58227.230 19.284 0.048 
58227.230 19.291 0.050 
58227.231 19.397 0.050 
58227.231 19.325 0.048 
58227.232 19.413 0.059 
58227.232 19.365 0.051 
58227.233 19.320 0.057 
58227.233 19.285 0.055 
58227.234 19.506 0.065 
58227.234 19.436 0.052 
58227.235 19.362 0.047 
58227.235 19.304 0.045 
58227.235 19.361 0.051 
58227.236 19.371 0.051 
58227.236 19.293 0.050 
58227.237 19.311 0.050 
58227.237 19.284 0.044 
58227.289 19.356 0.053 
58229.366 19.673 0.057 
58229.367 19.450 0.050 
58229.368 19.499 0.049 
58229.372 19.440 0.049 
58229.373 19.464 0.043 
58229.374 19.526 0.042 
58229.382 19.512 0.052 
58229.384 19.370 0.049 
58229.415 19.504 0.054 
58229.415 19.496 0.060 
58230.437 19.537 0.077 
58231.216 19.580 0.072 
58231.217 19.564 0.078 
58231.217 19.536 0.075 
58231.217 19.617 0.073 
58231.218 19.769 0.093 
58231.218 19.435 0.063 
58231.219 19.738 0.072 
58231.219 19.747 0.077 
58231.220 19.565 0.070 
58231.220 19.634 0.079 
58231.221 19.583 0.076 
58231.221 19.660 0.076 
58231.222 19.642 0.071 
58231.222 19.617 0.065 
58231.222 19.642 0.063 
58231.223 19.674 0.067 
58231.224 19.667 0.061 
58231.224 19.560 0.056 
58231.225 19.567 0.057 
58231.225 19.626 0.062 
58231.226 19.640 0.061 
58231.226 19.609 0.061 
58231.227 19.641 0.064 
58231.227 19.695 0.070 
58231.228 19.609 0.063 
58231.228 19.683 0.075 
58231.228 19.595 0.065 
58231.229 19.502 0.055 
58231.229 19.701 0.073 
58231.230 19.611 0.065 
58231.230 19.581 0.063 
58231.231 19.455 0.066 
58231.231 19.543 0.065 
58231.232 19.790 0.077 
58231.232 19.662 0.067 
58231.233 19.608 0.069 
58231.233 19.560 0.078 
58231.233 19.427 0.061 
58231.234 19.698 0.081 
58231.234 19.614 0.073 
58231.235 19.677 0.091 
58231.235 19.719 0.078 
58231.236 19.585 0.078 
58231.236 19.631 0.067 
58231.237 19.526 0.070 
58231.237 19.607 0.063 
58231.238 19.611 0.067 
58231.238 19.764 0.067 
58231.238 19.620 0.072 
58231.239 19.650 0.066 
58231.239 19.778 0.072 
58231.240 19.715 0.078 
58231.240 19.628 0.059 
58231.241 19.665 0.060 
58231.241 19.514 0.052 
58231.242 19.678 0.067 
58231.242 19.709 0.060 
58231.243 19.708 0.063 
58231.243 19.639 0.056 
58231.244 19.637 0.055 
58231.244 19.652 0.061 
58231.244 19.562 0.055 
58231.245 19.772 0.063 
58231.245 19.594 0.057 
58231.246 19.573 0.057 
58231.246 19.608 0.057 
58231.247 19.623 0.058 
58231.247 19.571 0.060 
58231.248 19.524 0.054 
58231.248 19.606 0.062 
58231.249 19.675 0.067 
58231.249 19.726 0.065 
58231.249 19.639 0.060 
58231.250 19.719 0.064 
58231.250 19.677 0.064 
58231.251 19.614 0.056 
58231.251 19.692 0.059 
58231.252 19.676 0.062 
58231.252 19.534 0.053 
58231.253 19.471 0.051 
58231.253 19.574 0.054 
58231.254 19.640 0.055 
58231.254 19.821 0.061 
58231.254 19.824 0.063 
58231.255 19.524 0.048 
58231.255 19.593 0.051 
58231.256 19.438 0.050 
58231.256 19.679 0.060 
58231.257 19.694 0.060 
58231.286 19.551 0.056 
58231.286 19.397 0.048 
58231.324 19.602 0.072 
58231.325 19.577 0.063 
58231.329 19.481 0.072 
58231.339 19.485 0.069 
58231.340 19.601 0.065 
58231.349 19.711 0.099 
58231.369 19.607 0.075 
58231.372 19.650 0.078 
58232.362 19.672 0.101 
58232.368 19.527 0.085 
58232.395 19.481 0.085 
58242.277 20.009 0.089 
58242.278 19.988 0.074 
58242.279 20.068 0.087 
58242.299 20.275 0.109 
58242.323 19.912 0.072 
58243.282 20.104 0.085 
58243.283 19.887 0.074 
58243.286 20.025 0.078 
58243.287 20.099 0.098 
58243.308 20.082 0.088 
58243.309 19.845 0.073 
58243.330 19.809 0.077 
58243.332 20.016 0.096 
58244.305 20.056 0.109 
58244.305 20.128 0.096 
58244.306 19.961 0.083 
58244.307 20.179 0.091 
58244.319 19.853 0.068 
58244.337 19.958 0.077 
58244.339 19.962 0.096 
58246.229 19.999 0.079 
58246.246 20.030 0.111 
58246.246 20.119 0.103 
58246.256 20.157 0.126 
58246.258 20.150 0.116 
58246.395 20.245 0.146 
58247.248 20.075 0.074 
58247.249 20.197 0.074 
58247.260 20.206 0.086 
58247.263 20.002 0.067 
58247.282 20.119 0.089 
58247.283 20.064 0.077 
58247.289 20.201 0.080 
58247.290 20.327 0.083 
58248.267 20.257 0.096 
58248.269 20.178 0.098 
58248.284 20.311 0.113 
58248.286 20.155 0.102 
58248.289 20.495 0.145 
58248.305 19.995 0.097 
58248.311 20.248 0.102 
58250.229 20.370 0.176 
58252.392 20.083 0.070 
58254.367 20.459 0.123 
58255.266 20.364 0.096 
58255.269 20.810 0.139 
58255.270 20.633 0.127 
58255.270 20.537 0.110 
58255.284 20.427 0.087 
58255.285 20.411 0.096 
58255.286 20.408 0.090 
58255.287 20.485 0.092 
58255.302 20.400 0.123 
58256.261 20.580 0.126 
58256.262 20.541 0.134 
58256.266 20.679 0.178 
58256.266 20.178 0.100 
58257.219 20.518 0.104 
58257.249 20.713 0.136 
58257.250 20.314 0.080 
58257.254 20.477 0.103 
58257.255 20.569 0.112 
58257.258 20.527 0.121 
58257.259 20.588 0.112 
58257.288 20.718 0.143 
58257.289 20.508 0.104 
58257.291 20.729 0.139 
58257.306 20.657 0.149 
58257.307 20.567 0.129 
58257.308 20.508 0.134 
58257.329 20.643 0.128 
58257.330 20.466 0.124 
58257.365 20.543 0.139 
58258.227 20.365 0.104 
58258.227 20.663 0.132 
58258.237 20.421 0.109 
58258.238 20.584 0.121 
58258.239 21.096 0.201 
58258.243 20.943 0.160 
58258.264 20.437 0.126 
58258.265 20.835 0.166 
58258.266 20.615 0.146 
58258.270 20.283 0.107 
58262.306 20.993 0.303 
58262.307 20.603 0.266 
58262.320 20.251 0.172 
58262.353 20.374 0.190 
58263.363 20.361 0.264 
58263.394 20.428 0.276 
58266.263 20.683 0.293 
58266.266 20.627 0.274 
58266.277 20.249 0.242 
58266.283 20.496 0.244 
58267.307 20.755 0.299 
58271.171 20.834 0.259 
58272.289 21.163 0.204 
58272.290 21.152 0.192 
58272.298 20.959 0.173 
58273.327 20.901 0.156 
58274.308 21.178 0.188 
58274.309 20.777 0.117 
58276.284 21.161 0.170 
58277.250 20.803 0.113 
58277.266 21.001 0.122 
58278.288 20.933 0.150 
58279.245 21.121 0.154 
58281.225 21.484 0.203 
58281.322 21.236 0.165 
58282.224 21.081 0.140 
58283.207 21.325 0.188 
58283.221 21.434 0.200 
58283.322 21.164 0.154 
58284.287 21.327 0.197 
58288.241 21.161 0.173 
58289.228 21.234 0.268 
58291.243 21.241 0.310 
58291.244 21.074 0.273 
58291.260 21.112 0.275 
58291.278 20.960 0.231 
filter ztfi
58227.385 20.008 0.160 
58227.387 20.228 0.202 
58232.326 20.339 0.157 
58232.328 20.052 0.131 
58249.300 20.203 0.288 
58249.302 19.936 0.214 
58261.206 20.721 0.271 
58261.218 20.578 0.263 
58266.226 20.489 0.265 
