ZTF19aalxlpp 0.07909675 114.85459 31.037498
filter ztfg
58556.244 18.675 0.041 
58560.193 18.577 0.058 
58567.175 18.886 0.029 
58569.159 18.972 0.013 
58572.195 19.247 0.071 
58581.191 19.959 0.082 
58584.212 20.088 0.129 
58587.173 20.709 0.259 
58591.154 20.755 0.254 
58598.207 21.129 0.172 
58602.184 21.157 0.195 
filter ztfr
58560.321 18.670 0.072 
58567.145 18.734 0.023 
58581.167 19.580 0.105 
58591.140 19.632 0.087 
58606.174 20.539 0.131 
58609.157 20.244 0.168 
filter ztfi
58561.125 19.120 0.135 
