ZTF19aamuvak 0.1339756 218.600748 9.979901
filter ztfg
58557.442 20.195 0.117 
58560.500 19.608 0.078 
58568.270 19.731 0.101 
58568.393 19.907 0.121 
58572.378 19.996 0.121 
58572.379 19.959 0.103 
58580.399 20.701 0.159 
58580.400 21.280 0.304 
58586.398 21.533 0.312 
filter ztfr
58557.418 20.039 0.137 
58560.399 19.910 0.114 
58575.414 20.156 0.097 
58575.416 20.347 0.085 
58580.394 20.214 0.119 
58580.395 20.510 0.119 
58583.317 20.382 0.165 
58586.334 20.895 0.209 
58586.335 20.481 0.173 
filter ztfi
58557.339 20.273 0.264 
58587.338 20.568 0.218 
