ZTF18aazxdyy 0.04456254 225.4886 25.77129
filter ztfg
58203.377 17.467 0.013 
58206.345 17.519 0.017 
58206.366 17.483 0.016 
58210.388 17.717 0.041 
58232.273 19.574 0.112 
58235.335 19.585 0.155 
filter ztfr
58217.368 17.973 0.027 
58217.398 17.957 0.026 
58218.319 18.054 0.029 
58219.325 17.961 0.028 
58222.341 18.172 0.039 
58222.360 18.148 0.033 
58222.514 18.125 0.060 
58226.338 18.300 0.034 
58229.379 18.590 0.041 
58231.309 18.785 0.065 
58232.358 18.693 0.087 
58245.337 19.391 0.202 
58261.298 19.633 0.288 
filter ztfi
58227.378 18.194 0.050 
58232.333 18.528 0.062 
58249.298 18.871 0.149 
58254.383 19.643 0.144 
58272.352 19.476 0.181 
