ZTF18aaxmnkw 0.08797299 220.318542 9.465361
filter ztfg
58267.214 19.392 0.165 
58273.235 19.651 0.035 
58276.257 19.814 0.038 
58279.212 20.029 0.052 
58282.252 20.328 0.071 
filter ztfr
58258.251 20.728 0.178 
58261.297 20.151 0.199 
58270.318 19.377 0.082 
58276.277 19.479 0.036 
58279.235 19.811 0.057 
58282.213 19.831 0.057 
58288.234 20.046 0.091 
58291.236 20.271 0.209 
58294.252 20.105 0.135 
58300.176 20.529 0.166 
58312.192 20.892 0.179 
filter ztfi
58272.336 20.105 0.188 
58295.327 20.226 0.247 
