ZTF18aaxtcdm 0.07642886 231.549799 6.357134
filter ztfg
58272.251 19.099 0.031 
58275.266 18.571 0.013 
58283.291 18.353 0.012 
58286.253 18.445 0.012 
58289.209 18.661 0.034 
58292.211 18.775 0.051 
58295.210 18.986 0.091 
filter ztfr
58272.293 19.049 0.036 
58279.252 18.495 0.018 
58283.228 18.438 0.018 
58286.275 18.499 0.017 
58289.251 18.632 0.030 
58292.254 18.739 0.051 
58295.272 18.990 0.055 
58298.271 19.208 0.087 
58304.174 19.273 0.048 
58307.208 19.282 0.037 
58331.161 20.468 0.155 
58337.203 20.629 0.158 
filter ztfi
58272.355 19.457 0.089 
58277.294 19.075 0.051 
58281.295 19.126 0.049 
58286.192 19.175 0.062 
58290.173 19.307 0.132 
58295.330 19.911 0.179 
58302.171 19.858 0.235 
