ZTF18acbxhua 0.0513 351.553003 -25.740119
filter ztfg
58423.214 17.217 0.015 
58423.214 17.219 0.013 
58425.186 17.271 0.011 
58426.226 17.235 0.019 
58426.227 17.272 0.021 
58428.187 17.426 0.009 
58429.230 17.444 0.008 
58429.247 17.456 0.009 
58430.262 17.481 0.010 
58432.231 17.676 0.019 
58432.243 17.637 0.018 
58434.142 17.742 0.027 
filter ztfr
58426.234 17.478 0.023 
58426.235 17.387 0.023 
58428.250 17.519 0.012 
58429.254 17.491 0.010 
58429.255 17.490 0.011 
58432.254 17.778 0.028 
58432.255 17.710 0.024 
58457.171 18.582 0.074 
filter ztfi
58430.210 18.291 0.039 
58434.210 18.750 0.108 
