ZTF19aawscnp 0.07472995 328.67809 -8.218612
filter ztfg
58639.438 18.582 0.023 
58642.420 18.596 0.022 
58646.440 18.707 0.036 
58649.383 19.013 0.111 
58652.481 19.056 0.139 
58658.459 19.854 0.132 
58661.460 19.995 0.095 
58668.441 20.445 0.117 
58696.400 21.276 0.207 
filter ztfr
58636.421 18.486 0.028 
58639.405 18.403 0.025 
58652.439 18.963 0.086 
58661.422 19.278 0.056 
58665.438 19.421 0.049 
58672.460 19.597 0.063 
58675.486 19.698 0.098 
58678.481 19.855 0.077 
58681.420 19.776 0.180 
58690.381 20.135 0.093 
58693.395 20.097 0.096 
58696.392 20.420 0.107 
58699.373 20.503 0.155 
58705.442 20.550 0.184 
filter ztfi
58668.461 19.600 0.118 
58672.440 19.597 0.112 
58703.378 20.571 0.238 
