ZTF18aaumlfl 0.08737274 244.270713 50.792461
filter ztfg
58258.297 19.184 0.028 
58258.323 19.301 0.032 
58258.352 19.238 0.029 
58262.286 18.860 0.039 
58262.410 18.852 0.026 
58262.431 18.879 0.023 
58263.291 18.929 0.058 
58263.299 18.815 0.048 
58266.416 18.762 0.076 
58266.417 18.781 0.077 
58266.423 18.707 0.061 
58266.449 18.730 0.056 
58267.220 18.727 0.065 
58267.436 19.078 0.123 
58267.456 18.990 0.093 
58269.280 18.939 0.098 
58269.305 19.002 0.071 
58269.330 18.913 0.072 
58269.331 19.004 0.067 
58270.264 18.897 0.052 
58270.279 18.991 0.058 
58272.212 18.978 0.023 
58272.246 19.078 0.024 
58272.247 19.062 0.026 
58272.262 19.128 0.028 
58273.266 19.134 0.023 
58273.283 19.129 0.023 
58273.300 19.032 0.026 
58274.247 19.202 0.024 
58274.266 19.251 0.026 
58274.284 19.242 0.023 
58276.270 19.373 0.027 
58276.347 19.357 0.029 
58276.364 19.382 0.031 
58277.325 19.522 0.036 
58277.345 19.493 0.029 
58277.362 19.482 0.035 
58278.224 19.624 0.043 
58278.350 19.648 0.037 
58278.362 19.647 0.040 
58278.365 19.533 0.034 
58279.301 19.737 0.050 
58279.324 19.744 0.048 
58279.345 19.682 0.042 
58280.248 19.815 0.048 
58280.265 19.868 0.044 
58280.282 19.801 0.041 
58281.262 19.940 0.050 
58281.266 19.849 0.046 
58281.284 19.941 0.052 
58282.270 20.060 0.061 
58282.279 20.109 0.071 
58282.368 20.050 0.065 
58283.268 20.228 0.060 
58283.282 20.110 0.052 
58283.302 20.314 0.069 
58284.229 20.201 0.065 
58284.246 20.288 0.075 
58284.260 20.326 0.079 
58284.261 20.198 0.066 
58286.246 20.531 0.084 
58286.261 20.797 0.105 
58288.342 20.875 0.120 
58288.360 20.627 0.136 
58288.385 20.742 0.138 
58289.201 21.033 0.210 
58289.366 20.842 0.124 
58289.384 20.897 0.159 
58290.205 21.079 0.228 
58290.225 21.138 0.241 
58290.246 20.997 0.217 
58291.340 20.953 0.204 
58292.221 21.132 0.276 
58292.345 20.747 0.200 
58293.204 20.988 0.311 
58304.219 21.503 0.195 
58305.203 21.443 0.217 
58305.204 21.332 0.206 
58306.305 21.428 0.233 
58307.217 21.762 0.233 
58307.323 21.409 0.193 
58313.352 21.142 0.200 
filter ztfr
58257.300 19.468 0.047 
58257.323 19.391 0.045 
58257.324 19.421 0.043 
58257.351 19.480 0.047 
58257.368 19.388 0.041 
58257.384 19.481 0.044 
58257.385 19.472 0.042 
58257.403 19.430 0.040 
58258.388 19.412 0.047 
58258.425 19.515 0.050 
58262.312 19.090 0.049 
58263.350 19.018 0.064 
58263.352 18.867 0.052 
58263.353 18.939 0.055 
58263.367 18.897 0.051 
58263.391 18.909 0.052 
58263.404 18.939 0.047 
58266.290 18.870 0.061 
58266.296 18.814 0.055 
58266.297 18.915 0.061 
58266.305 18.982 0.052 
58266.306 18.886 0.049 
58266.307 18.864 0.052 
58266.307 18.846 0.045 
58266.325 18.728 0.050 
58267.360 18.459 0.106 
58268.378 18.943 0.063 
58268.392 18.960 0.052 
58268.393 18.939 0.054 
58268.395 18.876 0.046 
58268.396 18.950 0.056 
58269.348 18.916 0.106 
58269.363 18.890 0.048 
58269.364 18.908 0.046 
58269.393 18.850 0.041 
58270.348 18.918 0.045 
58270.356 18.992 0.057 
58270.385 19.014 0.055 
58270.385 19.058 0.055 
58271.389 19.011 0.068 
58272.279 19.094 0.040 
58272.303 18.993 0.038 
58272.304 18.985 0.036 
58272.322 18.988 0.036 
58273.323 19.109 0.036 
58273.347 19.088 0.037 
58273.370 18.983 0.036 
58274.304 19.177 0.029 
58274.322 19.155 0.029 
58274.346 19.168 0.036 
58275.348 19.335 0.042 
58275.349 19.261 0.035 
58275.364 19.288 0.041 
58275.385 19.356 0.048 
58276.290 19.276 0.030 
58276.305 19.301 0.031 
58276.321 19.387 0.037 
58277.270 19.270 0.033 
58277.285 19.360 0.037 
58277.384 19.382 0.039 
58278.266 19.339 0.039 
58278.283 19.403 0.044 
58278.284 19.458 0.043 
58278.310 19.440 0.041 
58279.268 19.447 0.041 
58279.286 19.506 0.043 
58280.305 19.588 0.044 
58280.323 19.585 0.045 
58280.341 19.472 0.038 
58281.218 19.437 0.040 
58281.219 19.423 0.046 
58281.327 19.519 0.046 
58281.347 19.521 0.051 
58282.307 19.599 0.060 
58282.321 19.581 0.051 
58282.342 19.537 0.049 
58283.327 19.586 0.042 
58283.345 19.676 0.051 
58283.367 19.622 0.053 
58284.281 19.568 0.050 
58284.284 19.618 0.051 
58284.300 19.714 0.057 
58284.318 19.618 0.055 
58285.307 19.694 0.046 
58285.323 19.693 0.045 
58286.305 19.774 0.044 
58286.326 19.793 0.050 
58287.264 19.770 0.052 
58287.265 19.718 0.047 
58287.286 19.669 0.044 
58287.304 19.708 0.053 
58288.281 19.766 0.055 
58288.304 19.699 0.051 
58288.319 19.781 0.053 
58289.239 19.875 0.078 
58289.259 19.879 0.080 
58290.263 19.950 0.083 
58290.329 19.899 0.080 
58290.344 19.906 0.072 
58291.266 19.877 0.085 
58291.280 19.951 0.093 
58291.301 20.178 0.119 
58292.246 20.032 0.106 
58292.260 19.929 0.091 
58292.298 20.042 0.099 
58293.250 20.017 0.105 
58293.261 20.048 0.105 
58293.286 20.269 0.151 
58294.258 19.998 0.097 
58294.282 20.193 0.126 
58294.306 20.271 0.157 
58295.264 20.410 0.158 
58295.282 20.071 0.127 
58295.309 20.390 0.184 
58296.250 20.233 0.141 
58297.260 20.182 0.169 
58297.279 20.347 0.191 
58299.344 20.409 0.193 
58300.325 20.387 0.160 
58300.357 20.552 0.178 
58301.183 20.426 0.140 
58301.347 20.646 0.171 
58301.365 20.455 0.174 
58302.310 20.490 0.159 
58302.325 20.545 0.178 
58302.342 20.550 0.192 
58303.305 20.905 0.178 
58303.324 20.797 0.174 
58303.350 20.888 0.184 
58304.326 20.774 0.162 
58305.187 20.812 0.180 
58305.350 20.711 0.218 
58305.372 20.854 0.281 
58306.187 21.077 0.260 
58306.199 20.957 0.190 
58307.184 20.792 0.151 
58307.202 20.857 0.138 
58307.369 20.807 0.155 
58308.243 21.034 0.167 
58308.244 20.940 0.161 
58311.185 20.824 0.144 
58311.200 21.008 0.157 
58311.201 20.751 0.131 
58312.221 20.925 0.158 
58312.241 20.887 0.191 
58314.202 20.722 0.169 
58314.214 20.746 0.145 
58315.347 20.819 0.194 
58319.222 20.826 0.250 
58319.262 21.252 0.241 
58320.266 21.251 0.247 
58320.352 21.080 0.188 
58321.225 20.934 0.219 
58321.278 20.935 0.206 
58322.241 21.328 0.297 
58322.242 20.792 0.178 
58322.264 20.995 0.231 
58322.279 21.117 0.259 
58323.245 21.112 0.299 
58325.224 20.894 0.305 
filter ztfi
58261.225 19.157 0.092 
58263.339 19.414 0.091 
58267.247 19.391 0.131 
58295.320 20.409 0.223 
