ZTF19aazdcmj 0.0858195 329.564046 -13.135476
filter ztfg
58646.440 20.415 0.112 
58649.383 19.955 0.280 
58652.481 19.078 0.122 
58658.459 18.874 0.045 
58661.460 18.811 0.027 
58665.480 18.985 0.054 
58668.441 19.139 0.027 
58672.423 19.511 0.043 
filter ztfr
58652.439 19.447 0.147 
58661.422 18.888 0.035 
58665.438 18.866 0.025 
58672.460 19.244 0.035 
58675.486 19.431 0.057 
58678.481 19.677 0.050 
58681.420 19.609 0.166 
58690.381 19.936 0.077 
58693.395 19.953 0.082 
58696.392 20.177 0.074 
58699.373 20.272 0.089 
58705.442 20.665 0.204 
58734.370 20.785 0.311 
filter ztfi
58668.461 19.681 0.118 
58691.336 20.032 0.109 
58703.378 20.445 0.181 
