ZTF19aazdirb 0.08802601 351.798926 -10.070364
filter ztfg
58660.459 18.610 0.033 
58670.440 19.296 0.032 
58680.481 20.361 0.296 
58694.428 20.964 0.120 
filter ztfr
58655.440 18.632 0.078 
58667.463 19.187 0.046 
58670.463 19.181 0.028 
58673.446 19.271 0.036 
58676.461 19.363 0.038 
58688.419 19.782 0.090 
58691.418 19.828 0.068 
58694.389 19.984 0.064 
58697.415 20.238 0.074 
58700.399 20.110 0.068 
58707.463 20.692 0.149 
58717.462 20.369 0.179 
58723.377 20.788 0.142 
filter ztfi
58668.471 19.974 0.123 
58672.450 20.068 0.133 
58691.338 20.052 0.119 
