ZTF19abacxwt 0.08325659 200.876033 6.104058
filter ztfg
58651.190 19.105 0.138 
58654.254 18.556 0.053 
58658.208 18.271 0.018 
58661.215 18.209 0.023 
58667.194 18.173 0.018 
58670.209 18.250 0.029 
58676.172 18.644 0.070 
58679.171 19.208 0.123 
58683.179 19.646 0.103 
58686.171 20.014 0.162 
58692.200 20.106 0.174 
filter ztfr
58654.192 18.989 0.165 
58658.175 18.555 0.069 
58661.194 18.235 0.097 
58667.215 18.348 0.076 
58676.191 18.660 0.154 
58679.192 18.874 0.279 
58686.167 19.547 0.297 
filter ztfi
58653.239 19.443 0.234 
