ZTF19achtiax 0.0248978 177.744062 22.078124
filter ztfg
58837.520 20.980 0.307 
filter ztfr
58779.526 19.335 0.111 
58779.531 19.328 0.118 
58779.536 19.266 0.124 
58779.541 19.380 0.200 
58783.529 19.490 0.155 
58783.534 19.567 0.167 
58783.539 19.622 0.177 
58783.544 19.492 0.228 
58785.533 19.619 0.110 
58785.538 19.762 0.134 
58785.543 19.734 0.149 
58787.537 19.932 0.223 
58787.542 19.889 0.282 
58789.540 20.142 0.161 
58789.545 19.869 0.142 
58792.517 20.427 0.192 
58799.488 20.155 0.286 
filter ztfi
58827.527 20.977 0.239 
