ZTF18aaanzph 0.06369319 157.743465 23.788356
filter ztfg
58131.403 19.739 0.099 
58131.436 19.919 0.164 
58131.460 19.644 0.092 
58131.502 19.546 0.106 
filter ztfr
58156.305 19.259 0.067 
58156.323 19.330 0.079 
58156.343 19.330 0.069 
58160.327 19.369 0.077 
58160.359 19.498 0.088 
58165.357 19.689 0.134 
filter ztfi
58173.339 20.147 0.206 
58173.355 20.163 0.243 
58174.290 19.928 0.231 
58174.331 20.202 0.252 
58174.379 19.992 0.230 
58174.414 20.463 0.284 
58175.258 19.825 0.234 
58175.307 19.854 0.201 
58175.336 19.986 0.246 
