ZTF18abcysdx 0.07116959 272.988864 30.045392
filter ztfg
58290.406 22.063 0.298 
58291.435 21.735 0.202 
58292.353 21.182 0.220 
58292.436 21.004 0.114 
58293.343 20.670 0.177 
58293.415 20.836 0.194 
58293.416 20.328 0.138 
58293.424 20.816 0.172 
58294.214 20.458 0.187 
58294.364 20.291 0.164 
58295.212 20.047 0.187 
58295.364 19.736 0.152 
58296.379 19.997 0.195 
58297.236 19.515 0.107 
58297.455 19.541 0.173 
58297.479 19.202 0.151 
58299.195 19.191 0.049 
58299.215 19.362 0.063 
58299.216 19.359 0.063 
58299.444 19.370 0.126 
58300.449 19.230 0.063 
58300.479 19.354 0.103 
58301.270 19.199 0.041 
58301.292 19.210 0.042 
58302.216 19.179 0.032 
58302.285 19.156 0.050 
58302.286 19.121 0.045 
58303.288 19.104 0.025 
58303.407 19.004 0.032 
58303.432 19.031 0.037 
58304.226 18.997 0.019 
58304.311 19.041 0.021 
58304.430 19.028 0.032 
58305.215 19.070 0.025 
58305.298 18.951 0.024 
58305.317 19.050 0.021 
58305.318 19.047 0.022 
58307.235 19.019 0.022 
58307.349 18.962 0.019 
58308.224 18.969 0.018 
58310.327 19.045 0.030 
58310.350 19.168 0.030 
58310.374 18.981 0.028 
58311.339 19.131 0.028 
58311.340 19.125 0.027 
58311.373 19.117 0.026 
58312.339 19.119 0.031 
58312.362 19.126 0.026 
58313.337 19.168 0.025 
58314.354 19.249 0.030 
58314.360 19.267 0.027 
58314.361 19.232 0.030 
58315.394 19.276 0.038 
58315.415 19.262 0.042 
58316.372 19.404 0.041 
58316.381 19.407 0.041 
58317.338 19.624 0.056 
58317.361 19.291 0.035 
58318.381 19.527 0.033 
58318.403 19.500 0.034 
58318.436 19.595 0.044 
58319.193 19.727 0.075 
58319.372 19.570 0.053 
58319.385 19.609 0.049 
58320.183 19.673 0.078 
58320.205 19.636 0.055 
58320.402 19.531 0.049 
58320.403 19.521 0.046 
58321.381 19.780 0.047 
58321.408 19.734 0.044 
58321.421 19.693 0.042 
58322.171 19.873 0.106 
58322.191 19.749 0.077 
58322.215 19.833 0.086 
58323.276 19.801 0.104 
58323.289 19.801 0.100 
58323.290 20.049 0.121 
58323.358 19.812 0.090 
58323.379 19.715 0.097 
58323.380 19.871 0.104 
58324.273 20.034 0.137 
58324.313 19.980 0.133 
58325.172 19.927 0.201 
58326.186 20.055 0.184 
58326.205 20.130 0.185 
58326.206 19.828 0.146 
58327.186 19.880 0.161 
58330.184 20.286 0.069 
58330.189 20.691 0.103 
58330.217 20.135 0.273 
58330.224 20.483 0.123 
58330.224 20.446 0.123 
58331.238 20.553 0.106 
58331.268 20.756 0.154 
58331.288 20.797 0.174 
58332.248 20.575 0.091 
58332.249 20.478 0.084 
58333.214 20.830 0.109 
58333.215 20.860 0.129 
58336.306 20.999 0.153 
58336.306 21.033 0.155 
58336.311 20.835 0.310 
58338.183 20.954 0.120 
58346.329 21.313 0.187 
58349.229 21.425 0.288 
58352.207 20.849 0.265 
58360.164 21.831 0.246 
58364.234 21.858 0.244 
58369.233 21.760 0.235 
58371.193 21.765 0.219 
58372.194 21.753 0.214 
58372.226 21.666 0.222 
58372.233 21.600 0.226 
58373.211 21.689 0.239 
58374.207 21.849 0.246 
filter ztfr
58290.370 21.798 0.266 
58290.371 22.079 0.299 
58292.266 21.349 0.280 
58292.266 20.801 0.168 
58292.266 20.818 0.163 
58292.274 20.893 0.193 
58292.310 21.177 0.227 
58292.329 21.240 0.265 
58293.274 20.281 0.125 
58293.300 20.608 0.216 
58293.301 20.396 0.128 
58293.319 20.549 0.151 
58294.292 20.196 0.119 
58294.294 19.897 0.104 
58294.332 19.940 0.105 
58295.297 19.828 0.102 
58297.317 19.665 0.175 
58297.348 19.561 0.136 
58299.373 19.510 0.143 
58299.374 19.685 0.169 
58299.377 19.551 0.156 
58299.400 19.542 0.150 
58300.353 18.945 0.052 
58300.365 19.035 0.055 
58300.383 19.057 0.061 
58300.383 19.075 0.066 
58300.384 19.114 0.056 
58300.384 19.070 0.050 
58300.385 19.144 0.058 
58301.337 18.889 0.043 
58301.363 18.975 0.053 
58301.381 19.105 0.058 
58301.394 18.932 0.047 
58301.394 18.991 0.045 
58303.317 18.812 0.026 
58303.354 18.895 0.025 
58304.333 18.779 0.023 
58304.337 18.749 0.021 
58304.374 18.915 0.023 
58305.337 18.807 0.023 
58305.358 18.846 0.034 
58305.359 18.900 0.041 
58305.380 18.824 0.036 
58307.363 18.833 0.026 
58307.382 18.700 0.020 
58308.373 18.747 0.024 
58310.388 18.767 0.039 
58311.383 18.812 0.024 
58311.384 18.850 0.023 
58312.228 18.871 0.024 
58312.414 18.865 0.023 
58313.214 18.840 0.025 
58314.193 18.914 0.029 
58314.225 18.937 0.025 
58314.226 18.939 0.024 
58314.413 18.934 0.030 
58315.334 18.918 0.025 
58315.338 18.978 0.029 
58316.340 19.186 0.036 
58317.406 19.192 0.044 
58318.342 19.263 0.031 
58318.375 19.190 0.028 
58319.271 19.157 0.046 
58319.279 19.191 0.039 
58320.347 19.354 0.032 
58320.348 19.238 0.027 
58320.362 19.287 0.029 
58321.249 19.356 0.044 
58321.352 19.292 0.037 
58322.253 19.527 0.055 
58322.291 19.373 0.051 
58322.292 19.405 0.046 
58322.293 19.275 0.041 
58322.293 19.360 0.044 
58322.293 19.428 0.045 
58322.294 19.328 0.045 
58322.294 19.366 0.046 
58322.295 19.284 0.041 
58322.295 19.435 0.049 
58322.296 19.345 0.046 
58322.296 19.476 0.051 
58322.297 19.357 0.044 
58322.297 19.363 0.048 
58322.298 19.394 0.052 
58322.298 19.359 0.048 
58322.299 19.282 0.042 
58322.299 19.452 0.053 
58322.299 19.413 0.053 
58322.300 19.403 0.045 
58322.300 19.436 0.051 
58322.301 19.355 0.046 
58322.301 19.403 0.046 
58322.302 19.372 0.051 
58322.302 19.428 0.051 
58322.303 19.385 0.050 
58322.303 19.266 0.042 
58322.304 19.342 0.045 
58322.304 19.326 0.046 
58322.304 19.370 0.048 
58322.305 19.368 0.044 
58322.305 19.447 0.048 
58322.306 19.300 0.041 
58322.306 19.497 0.048 
58322.307 19.499 0.050 
58322.307 19.316 0.044 
58322.308 19.501 0.050 
58322.308 19.350 0.045 
58322.309 19.366 0.046 
58322.309 19.455 0.052 
58322.309 19.373 0.047 
58322.310 19.347 0.044 
58322.310 19.393 0.043 
58322.311 19.324 0.040 
58322.311 19.322 0.041 
58322.312 19.431 0.046 
58322.312 19.520 0.053 
58322.313 19.320 0.039 
58322.313 19.329 0.042 
58322.314 19.307 0.043 
58322.314 19.353 0.045 
58322.315 19.337 0.042 
58322.315 19.350 0.044 
58322.315 19.407 0.052 
58322.316 19.414 0.048 
58322.316 19.407 0.045 
58322.317 19.350 0.045 
58322.317 19.382 0.046 
58322.318 19.461 0.050 
58322.318 19.444 0.045 
58322.319 19.332 0.044 
58322.319 19.342 0.048 
58322.320 19.384 0.049 
58322.320 19.330 0.043 
58322.320 19.407 0.047 
58322.321 19.333 0.044 
58322.321 19.312 0.045 
58322.322 19.388 0.045 
58322.322 19.434 0.051 
58322.323 19.497 0.051 
58322.323 19.387 0.048 
58322.324 19.365 0.049 
58322.324 19.355 0.048 
58322.325 19.318 0.043 
58322.325 19.325 0.045 
58322.325 19.519 0.061 
58322.326 19.382 0.049 
58322.326 19.475 0.050 
58322.327 19.367 0.044 
58322.327 19.270 0.044 
58322.328 19.408 0.048 
58322.328 19.310 0.044 
58322.329 19.418 0.048 
58322.329 19.394 0.045 
58322.330 19.443 0.046 
58322.330 19.406 0.046 
58322.330 19.412 0.045 
58322.331 19.395 0.047 
58322.331 19.329 0.043 
58322.332 19.322 0.045 
58322.332 19.363 0.044 
58322.333 19.335 0.046 
58322.333 19.392 0.047 
58322.334 19.482 0.046 
58322.334 19.400 0.042 
58322.335 19.437 0.048 
58322.335 19.452 0.048 
58322.336 19.325 0.040 
58322.336 19.420 0.046 
58322.336 19.393 0.046 
58322.337 19.471 0.050 
58322.337 19.350 0.044 
58322.338 19.340 0.041 
58322.338 19.421 0.047 
58322.339 19.370 0.050 
58322.339 19.399 0.049 
58322.340 19.331 0.045 
58322.340 19.361 0.048 
58322.341 19.468 0.046 
58322.341 19.380 0.043 
58322.341 19.425 0.048 
58322.342 19.360 0.043 
58322.342 19.487 0.051 
58322.343 19.318 0.043 
58322.343 19.433 0.049 
58322.344 19.439 0.045 
58322.344 19.290 0.041 
58322.345 19.541 0.052 
58322.345 19.439 0.056 
58322.346 19.493 0.052 
58322.346 19.387 0.047 
58322.346 19.403 0.053 
58322.347 19.363 0.045 
58322.347 19.377 0.044 
58322.348 19.467 0.052 
58322.348 19.355 0.046 
58322.349 19.340 0.047 
58322.349 19.365 0.043 
58322.350 19.547 0.056 
58322.350 19.419 0.044 
58322.351 19.413 0.045 
58322.351 19.298 0.043 
58322.351 19.362 0.047 
58322.352 19.352 0.047 
58322.352 19.470 0.062 
58322.353 19.350 0.050 
58322.353 19.426 0.048 
58322.354 19.422 0.049 
58322.354 19.358 0.051 
58322.359 19.483 0.059 
58323.232 19.450 0.061 
58323.233 19.376 0.059 
58323.253 19.380 0.064 
58323.294 19.466 0.107 
58323.295 19.525 0.074 
58323.296 19.434 0.061 
58323.296 19.424 0.065 
58323.297 19.244 0.053 
58323.297 19.321 0.053 
58323.297 19.408 0.059 
58323.298 19.444 0.062 
58323.298 19.301 0.057 
58323.299 19.433 0.064 
58323.299 19.388 0.060 
58323.300 19.418 0.057 
58323.300 19.465 0.067 
58323.301 19.438 0.062 
58323.301 19.407 0.065 
58323.302 19.391 0.058 
58323.302 19.454 0.058 
58323.302 19.420 0.059 
58323.303 19.415 0.062 
58323.303 19.505 0.069 
58323.304 19.489 0.066 
58323.304 19.518 0.066 
58323.305 19.433 0.063 
58323.305 19.396 0.062 
58323.306 19.387 0.059 
58323.306 19.444 0.065 
58323.307 19.373 0.060 
58323.307 19.297 0.055 
58323.308 19.568 0.068 
58323.308 19.422 0.063 
58323.308 19.287 0.056 
58323.309 19.416 0.065 
58323.309 19.317 0.057 
58323.310 19.490 0.066 
58323.310 19.431 0.059 
58323.311 19.447 0.059 
58323.311 19.410 0.056 
58323.312 19.478 0.062 
58323.312 19.419 0.058 
58323.313 19.437 0.064 
58323.313 19.420 0.067 
58323.314 19.454 0.060 
58323.314 19.499 0.063 
58323.315 19.516 0.066 
58323.315 19.383 0.061 
58323.316 19.310 0.053 
58323.316 19.477 0.062 
58323.317 19.502 0.067 
58323.317 19.421 0.061 
58323.318 19.439 0.062 
58323.318 19.462 0.063 
58323.318 19.467 0.065 
58323.319 19.435 0.058 
58323.319 19.364 0.054 
58323.320 19.437 0.058 
58323.320 19.216 0.053 
58323.321 19.427 0.060 
58323.321 19.357 0.057 
58323.322 19.386 0.061 
58323.322 19.720 0.076 
58323.323 19.269 0.053 
58323.323 19.321 0.056 
58323.323 19.313 0.056 
58323.324 19.470 0.062 
58323.324 19.411 0.060 
58323.325 19.506 0.061 
58323.325 19.500 0.065 
58323.326 19.376 0.060 
58323.326 19.492 0.062 
58323.327 19.436 0.065 
58323.327 19.401 0.061 
58323.328 19.610 0.071 
58323.328 19.397 0.064 
58323.329 19.311 0.059 
58323.329 19.365 0.057 
58323.329 19.505 0.068 
58323.330 19.660 0.081 
58323.330 19.451 0.062 
58323.331 19.416 0.063 
58323.331 19.346 0.056 
58323.332 19.501 0.064 
58323.332 19.375 0.063 
58323.333 19.243 0.054 
58323.333 19.449 0.064 
58323.334 19.467 0.062 
58323.334 19.384 0.060 
58323.334 19.460 0.065 
58323.335 19.377 0.062 
58323.335 19.342 0.059 
58323.336 19.533 0.071 
58323.336 19.435 0.059 
58323.337 19.449 0.066 
58323.337 19.450 0.064 
58323.338 19.449 0.063 
58323.338 19.431 0.065 
58323.339 19.433 0.068 
58323.339 19.301 0.054 
58323.339 19.486 0.061 
58323.340 19.417 0.060 
58323.340 19.302 0.056 
58323.341 19.393 0.062 
58323.341 19.322 0.056 
58323.342 19.357 0.062 
58323.342 19.495 0.065 
58323.343 19.378 0.054 
58323.343 19.338 0.057 
58323.344 19.492 0.066 
58323.344 19.409 0.063 
58323.345 19.482 0.065 
58323.345 19.405 0.061 
58323.345 19.404 0.059 
58323.346 19.398 0.062 
58323.346 19.476 0.062 
58323.347 19.586 0.071 
58323.347 19.439 0.064 
58323.348 19.487 0.065 
58323.348 19.290 0.053 
58323.349 19.460 0.061 
58323.349 19.446 0.063 
58323.350 19.418 0.061 
58323.350 19.305 0.060 
58323.350 19.394 0.054 
58323.351 19.320 0.057 
58323.351 19.423 0.062 
58323.352 19.377 0.063 
58323.352 19.504 0.061 
58323.353 19.594 0.069 
58323.353 19.394 0.062 
58323.354 19.449 0.063 
58323.354 19.415 0.065 
58323.355 19.566 0.070 
58324.190 19.360 0.143 
58324.233 19.573 0.118 
58325.250 19.563 0.093 
58325.271 19.399 0.100 
58326.291 19.445 0.085 
58326.310 19.522 0.093 
58326.315 19.553 0.097 
58326.316 19.492 0.095 
58327.292 19.528 0.102 
58327.313 19.549 0.103 
58327.333 19.644 0.136 
58329.329 19.643 0.088 
58329.330 19.605 0.083 
58330.312 19.463 0.060 
58330.354 19.586 0.071 
58330.372 19.418 0.147 
58331.171 19.673 0.044 
58331.208 19.745 0.046 
58331.227 19.779 0.076 
58332.295 19.706 0.063 
58338.203 19.754 0.051 
58343.325 20.024 0.067 
58346.210 20.099 0.069 
58346.211 20.131 0.062 
58346.213 20.148 0.064 
58349.253 20.392 0.110 
58349.254 20.385 0.104 
58349.290 20.290 0.096 
58349.299 20.261 0.104 
58350.172 20.303 0.103 
58350.209 20.271 0.100 
58351.185 20.386 0.116 
58351.190 20.440 0.108 
58351.225 20.574 0.139 
58352.211 20.111 0.131 
58352.249 20.616 0.176 
58352.253 20.790 0.187 
58353.169 20.433 0.134 
58353.194 20.351 0.121 
58353.228 20.488 0.134 
58353.253 20.756 0.172 
58353.290 20.485 0.145 
58353.295 20.305 0.123 
58354.192 20.429 0.150 
58354.228 20.945 0.274 
58354.232 20.781 0.173 
58355.291 20.395 0.160 
58356.207 20.132 0.145 
58356.226 20.927 0.267 
58356.232 20.560 0.189 
58356.233 20.663 0.204 
58357.175 20.583 0.223 
58357.247 20.628 0.186 
58357.268 20.562 0.205 
58358.206 20.559 0.183 
58358.212 20.505 0.184 
58359.208 20.776 0.159 
58359.227 20.949 0.188 
58359.253 20.851 0.198 
58360.233 20.641 0.180 
58360.254 20.905 0.226 
58361.235 20.581 0.124 
58361.265 20.703 0.147 
58362.156 20.658 0.119 
58362.172 20.616 0.106 
58362.173 20.952 0.121 
58364.161 20.927 0.134 
58364.171 20.526 0.084 
58365.153 20.898 0.130 
58365.175 20.537 0.101 
58365.176 20.987 0.143 
58365.192 20.790 0.141 
58367.164 21.421 0.211 
58367.175 21.043 0.185 
58367.193 20.901 0.163 
58368.132 20.811 0.136 
58368.164 20.838 0.116 
58368.173 21.008 0.142 
58368.174 21.280 0.185 
58369.147 21.168 0.158 
58369.172 21.049 0.132 
58369.203 21.302 0.178 
58370.135 20.920 0.171 
58370.166 21.060 0.169 
58370.264 21.113 0.224 
58371.133 20.770 0.106 
58371.164 21.037 0.133 
58371.186 21.011 0.149 
58371.187 21.708 0.246 
58372.132 20.974 0.147 
58372.160 21.568 0.212 
58373.140 20.921 0.128 
58373.150 20.738 0.115 
58373.173 20.798 0.125 
58374.145 21.110 0.175 
58374.163 20.966 0.153 
58374.186 21.502 0.227 
58374.187 21.387 0.220 
58375.161 20.762 0.117 
58375.173 20.979 0.147 
58375.206 21.163 0.175 
filter ztfi
58294.342 20.196 0.179 
58299.323 19.292 0.119 
58307.425 19.244 0.071 
58312.179 19.591 0.098 
58316.491 19.740 0.184 
58320.237 19.645 0.136 
58325.311 20.533 0.291 
58351.326 20.321 0.189 
