ZTF19aaykugs 0.04504149 165.172159 60.064448
filter ztfg
58640.204 20.905 0.140 
58643.175 19.997 0.121 
58646.195 19.112 0.093 
58649.181 19.035 0.081 
58667.202 19.674 0.063 
58670.199 19.926 0.125 
58673.185 20.033 0.125 
58676.179 20.534 0.234 
58677.178 20.868 0.306 
filter ztfr
58640.227 20.480 0.127 
58643.248 19.471 0.066 
58646.223 19.114 0.047 
58649.238 18.790 0.053 
58652.277 18.741 0.068 
58667.221 19.068 0.042 
58670.183 19.191 0.073 
58673.200 19.356 0.058 
58676.202 19.411 0.083 
58677.200 19.225 0.069 
58683.211 19.296 0.088 
filter ztfi
58645.264 19.371 0.096 
58653.245 19.007 0.089 
