ZTF19abcvrpm 0.09812193 247.505392 36.964699
filter ztfg
58665.207 20.969 0.139 
58665.209 20.746 0.122 
58665.214 21.084 0.163 
58665.224 20.845 0.148 
58666.216 20.449 0.116 
58666.222 20.547 0.099 
58666.240 20.305 0.096 
58666.248 20.290 0.076 
58666.249 20.211 0.064 
58667.322 20.027 0.068 
58667.322 19.877 0.051 
58667.328 19.993 0.059 
58667.342 19.996 0.080 
58667.343 20.166 0.081 
58667.343 20.081 0.073 
58668.200 19.821 0.052 
58670.284 19.303 0.037 
58670.285 19.338 0.035 
58670.286 19.376 0.034 
58671.286 19.255 0.043 
58671.286 19.186 0.040 
58671.288 19.195 0.034 
58672.303 19.075 0.028 
58672.303 19.084 0.028 
58672.312 19.149 0.025 
58672.329 19.099 0.024 
58672.330 19.182 0.029 
58672.330 19.142 0.029 
58673.308 19.028 0.026 
58673.308 19.067 0.031 
58673.309 19.024 0.031 
58673.320 18.986 0.024 
58673.321 19.027 0.024 
58673.321 19.013 0.022 
58674.192 18.978 0.036 
58674.193 18.857 0.033 
58674.194 18.979 0.036 
58674.331 18.941 0.028 
58674.331 18.935 0.034 
58674.332 18.902 0.032 
58675.298 18.968 0.049 
58675.309 18.884 0.050 
58675.310 18.820 0.044 
58675.320 18.844 0.038 
58675.321 18.839 0.038 
58675.321 18.839 0.038 
58675.353 18.912 0.038 
58676.306 18.869 0.050 
58676.323 18.792 0.053 
58678.269 18.827 0.061 
58678.273 18.863 0.057 
58678.274 18.799 0.051 
58680.185 18.817 0.064 
58680.193 18.630 0.055 
58680.198 18.783 0.059 
58680.208 18.738 0.053 
58680.211 18.696 0.048 
58680.211 18.753 0.059 
58680.213 18.752 0.050 
58681.177 18.739 0.051 
58681.179 18.774 0.058 
58681.184 18.798 0.057 
58681.184 18.845 0.062 
58681.185 18.791 0.055 
58681.193 18.822 0.060 
58681.207 18.788 0.060 
58681.211 18.897 0.070 
58681.211 18.830 0.067 
58681.214 18.778 0.058 
58682.180 18.824 0.038 
58682.186 18.880 0.041 
58682.186 19.040 0.053 
58682.194 18.828 0.040 
58682.204 18.890 0.045 
58682.206 18.968 0.050 
58682.212 18.837 0.042 
58682.212 18.881 0.045 
58682.215 18.808 0.043 
58683.182 18.877 0.029 
58683.184 18.911 0.028 
58683.195 18.920 0.032 
58683.197 18.834 0.031 
58683.203 18.831 0.034 
58684.199 18.945 0.023 
58684.200 18.927 0.023 
58684.202 18.930 0.023 
58684.203 18.887 0.023 
58684.203 18.911 0.025 
58684.204 18.905 0.024 
58684.226 18.871 0.040 
58684.228 18.894 0.042 
58684.229 18.874 0.041 
58685.170 18.958 0.034 
58685.176 18.945 0.028 
58685.177 18.965 0.027 
58685.190 18.930 0.025 
58685.191 18.953 0.023 
58686.181 18.920 0.026 
58686.182 19.092 0.031 
58686.198 19.041 0.033 
58686.199 19.034 0.039 
58686.199 18.942 0.032 
58686.287 18.970 0.037 
58686.287 19.017 0.042 
58686.288 18.987 0.041 
58690.194 19.192 0.032 
58690.277 19.163 0.034 
58691.216 19.357 0.042 
58691.225 19.307 0.034 
58691.225 19.314 0.035 
58693.238 19.457 0.053 
58693.239 19.559 0.050 
58693.239 19.367 0.042 
58693.270 19.448 0.045 
58693.271 19.493 0.047 
58693.271 19.479 0.053 
58693.286 19.454 0.043 
58693.287 19.727 0.051 
58693.287 19.417 0.044 
58694.223 19.611 0.049 
58694.226 19.502 0.042 
58694.226 19.639 0.048 
58696.261 19.644 0.052 
58697.198 19.828 0.052 
58697.202 19.792 0.050 
58697.202 19.734 0.053 
58697.203 19.804 0.057 
58699.178 20.070 0.109 
58699.179 20.047 0.071 
58699.179 19.950 0.070 
58699.200 20.087 0.066 
58699.201 20.084 0.076 
58699.201 19.971 0.072 
58700.258 20.099 0.085 
58703.197 20.484 0.170 
58704.157 20.666 0.158 
58704.158 20.204 0.098 
58704.159 20.329 0.110 
58705.261 20.330 0.179 
58706.172 20.885 0.253 
58706.172 20.641 0.191 
58707.267 20.204 0.238 
58708.156 20.464 0.209 
58708.161 20.551 0.215 
58708.162 20.465 0.188 
58708.176 20.959 0.297 
58708.178 20.778 0.259 
58709.172 20.460 0.214 
58710.166 20.722 0.257 
58712.175 20.528 0.184 
58716.182 20.961 0.170 
58718.163 21.136 0.168 
58732.170 20.894 0.236 
58734.165 20.956 0.282 
filter ztfr
58665.256 20.963 0.169 
58665.261 20.959 0.156 
58666.261 20.719 0.135 
58666.262 20.698 0.118 
58666.264 20.441 0.105 
58666.265 20.422 0.097 
58668.179 20.070 0.085 
58668.179 20.011 0.083 
58668.323 20.052 0.077 
58669.317 19.669 0.051 
58669.318 19.831 0.058 
58669.318 19.784 0.058 
58669.325 19.875 0.070 
58669.325 19.773 0.060 
58669.326 19.901 0.066 
58670.299 19.657 0.063 
58670.300 19.654 0.049 
58670.300 19.413 0.045 
58671.192 19.444 0.046 
58671.192 19.368 0.039 
58671.195 19.471 0.049 
58672.203 19.283 0.046 
58672.206 19.327 0.045 
58672.214 19.339 0.041 
58672.216 19.350 0.050 
58672.227 19.367 0.047 
58672.228 19.296 0.040 
58673.212 19.336 0.042 
58673.216 19.156 0.039 
58673.226 19.256 0.039 
58674.212 19.155 0.055 
58674.214 19.106 0.046 
58674.222 19.180 0.042 
58675.238 19.043 0.048 
58675.240 18.962 0.043 
58675.240 19.087 0.046 
58675.241 19.047 0.043 
58675.241 18.984 0.043 
58676.254 19.020 0.046 
58678.226 18.960 0.054 
58678.227 19.047 0.053 
58678.228 18.964 0.046 
58680.255 18.864 0.055 
58680.260 18.995 0.070 
58680.285 18.982 0.061 
58681.254 18.792 0.058 
58681.265 18.910 0.072 
58681.266 19.081 0.075 
58681.266 19.091 0.065 
58681.267 18.922 0.060 
58681.285 18.977 0.058 
58682.253 18.895 0.040 
58682.254 19.049 0.044 
58682.256 18.844 0.043 
58684.177 18.977 0.030 
58684.181 18.933 0.029 
58684.184 19.053 0.033 
58685.324 18.967 0.046 
58685.325 18.953 0.049 
58685.325 18.967 0.052 
58686.298 19.027 0.039 
58686.298 19.122 0.043 
58686.299 19.068 0.045 
58690.183 19.084 0.028 
58691.207 19.130 0.032 
58691.207 19.306 0.035 
58691.208 19.210 0.036 
58694.207 19.425 0.043 
58694.207 19.321 0.038 
58696.340 19.533 0.069 
58697.158 19.551 0.064 
58697.171 19.499 0.048 
58697.172 19.558 0.049 
58697.174 19.430 0.044 
58698.160 19.660 0.142 
58700.177 19.613 0.055 
58700.178 19.639 0.060 
58700.178 19.645 0.056 
58700.181 19.599 0.059 
58703.169 19.640 0.090 
58705.179 20.000 0.120 
58705.180 19.837 0.098 
58705.181 19.879 0.108 
58707.164 19.769 0.088 
58709.259 19.776 0.126 
58709.259 19.895 0.141 
58709.260 19.885 0.150 
58711.285 19.909 0.178 
58711.305 19.748 0.164 
58724.154 20.563 0.121 
58724.158 20.549 0.125 
58724.159 20.829 0.152 
58725.239 20.401 0.133 
58725.242 20.680 0.189 
58727.143 20.674 0.164 
58727.145 20.675 0.139 
58727.145 20.651 0.143 
58727.146 20.495 0.125 
58728.201 20.608 0.162 
58732.214 20.806 0.253 
58732.214 20.608 0.201 
58732.215 20.544 0.217 
58732.216 20.853 0.256 
58733.246 20.546 0.255 
58734.142 20.919 0.255 
58737.186 20.610 0.299 
filter ztfi
58669.307 19.982 0.154 
58669.308 19.983 0.149 
58669.308 19.995 0.144 
58674.172 19.619 0.112 
58674.173 19.517 0.104 
58674.176 19.771 0.139 
58678.170 19.828 0.174 
58678.170 19.562 0.136 
58678.171 19.381 0.119 
58690.328 19.737 0.108 
58691.349 19.772 0.097 
58691.350 20.122 0.142 
58696.172 19.825 0.101 
58696.173 20.025 0.133 
58696.175 20.283 0.150 
58700.159 20.307 0.179 
58700.164 20.018 0.124 
58706.159 19.863 0.178 
58706.163 20.345 0.206 
58706.163 20.265 0.195 
58710.240 20.046 0.209 
58710.240 20.126 0.210 
58710.241 20.061 0.220 
