ZTF19abrilok 0.11992109 357.317953 -11.110888
filter ztfg
58718.398 20.033 0.136 
58724.420 19.302 0.065 
58727.398 19.255 0.039 
58732.379 19.290 0.037 
58735.399 19.598 0.074 
58738.422 19.488 0.197 
58749.317 20.624 0.150 
58754.291 20.839 0.269 
filter ztfr
58716.390 20.361 0.177 
58724.376 19.551 0.050 
58728.250 19.426 0.087 
58735.370 19.514 0.116 
58738.338 20.042 0.234 
58743.337 19.723 0.172 
58749.293 20.105 0.094 
58760.294 20.405 0.124 
58764.401 20.646 0.202 
filter ztfi
58761.295 20.313 0.174 
58765.296 20.087 0.241 
