ZTF18aaxmhvk 0.075 244.677941 40.072619
filter ztfg
58270.265 20.007 0.150 
58270.281 19.793 0.114 
58272.211 19.579 0.039 
58272.248 19.593 0.050 
58272.259 19.584 0.047 
58272.261 19.561 0.049 
58273.267 19.351 0.030 
58273.283 19.336 0.031 
58273.301 19.293 0.031 
58274.248 19.258 0.032 
58274.269 19.236 0.023 
58274.284 19.221 0.025 
58276.271 19.037 0.022 
58276.346 18.927 0.027 
58276.363 18.992 0.023 
58277.328 18.916 0.024 
58277.344 18.950 0.024 
58277.360 18.911 0.022 
58278.225 18.870 0.023 
58278.348 18.885 0.021 
58278.349 18.837 0.019 
58278.362 18.918 0.022 
58279.301 18.822 0.020 
58279.321 18.833 0.022 
58279.344 18.789 0.019 
58280.265 18.757 0.017 
58280.281 18.769 0.016 
58281.261 18.795 0.019 
58281.262 18.744 0.018 
58281.285 18.736 0.017 
58282.271 18.748 0.017 
58282.279 18.789 0.021 
58282.367 18.754 0.021 
58283.269 18.723 0.016 
58283.282 18.739 0.017 
58283.299 18.766 0.017 
58284.248 18.767 0.021 
58284.260 18.801 0.019 
58284.262 18.754 0.017 
58286.247 18.780 0.018 
58286.261 18.784 0.018 
58288.341 18.926 0.019 
58288.369 18.943 0.025 
58288.385 18.947 0.032 
58289.202 18.904 0.031 
58289.374 18.885 0.024 
58290.207 18.965 0.043 
58290.219 18.951 0.032 
58290.220 19.016 0.036 
58290.245 18.963 0.037 
58291.339 19.097 0.044 
58292.218 19.087 0.046 
58292.351 19.095 0.046 
58293.187 19.149 0.068 
58293.205 19.254 0.079 
58293.222 19.348 0.090 
58293.228 19.233 0.079 
58297.247 19.500 0.109 
58298.197 20.028 0.143 
58298.220 19.880 0.116 
58299.188 20.013 0.077 
58299.200 19.799 0.076 
58299.201 19.850 0.071 
58299.224 19.995 0.111 
58300.206 20.121 0.066 
58300.218 20.092 0.083 
58300.302 20.024 0.111 
58301.261 20.138 0.108 
58301.282 20.247 0.117 
58301.304 20.099 0.097 
58302.201 20.151 0.083 
58304.204 20.321 0.066 
58304.218 20.411 0.074 
58304.308 20.250 0.074 
58305.205 20.535 0.097 
58305.225 20.547 0.090 
58305.226 20.471 0.088 
58305.304 20.525 0.088 
58306.229 20.495 0.086 
58306.302 20.481 0.099 
58306.319 20.556 0.135 
58307.218 20.678 0.102 
58307.245 20.671 0.098 
58307.320 20.588 0.105 
58308.201 20.470 0.083 
58308.202 20.493 0.085 
58308.214 20.779 0.103 
58308.383 20.818 0.164 
58310.330 20.642 0.123 
58311.328 21.012 0.176 
58312.259 20.808 0.129 
58312.343 20.790 0.147 
58313.241 20.571 0.100 
58313.319 20.661 0.131 
58313.352 20.655 0.177 
58314.241 20.701 0.142 
58314.242 20.709 0.134 
58315.384 20.339 0.163 
58316.361 20.783 0.152 
58319.178 20.667 0.239 
58320.195 20.908 0.288 
58321.392 20.780 0.200 
58322.179 20.617 0.272 
58322.228 21.084 0.280 
58325.184 20.488 0.284 
58326.175 20.403 0.235 
58331.239 20.740 0.165 
58332.184 21.011 0.172 
58337.181 21.301 0.185 
58350.236 21.262 0.301 
58350.256 20.961 0.255 
58351.284 20.918 0.302 
filter ztfr
58268.407 20.603 0.278 
58269.361 20.190 0.160 
58269.362 20.146 0.187 
58269.396 20.218 0.147 
58270.331 20.014 0.111 
58270.343 20.379 0.160 
58270.388 20.184 0.177 
58270.388 20.063 0.147 
58271.391 19.792 0.149 
58271.396 19.855 0.131 
58271.396 19.995 0.148 
58272.279 19.599 0.060 
58272.302 19.691 0.060 
58272.303 19.517 0.050 
58272.318 19.697 0.063 
58273.322 19.436 0.046 
58273.342 19.475 0.045 
58273.369 19.366 0.038 
58274.305 19.248 0.027 
58274.319 19.327 0.033 
58274.348 19.297 0.036 
58275.345 19.172 0.028 
58275.346 19.155 0.035 
58275.363 19.320 0.055 
58275.383 19.158 0.038 
58276.290 19.042 0.025 
58276.305 19.071 0.026 
58276.321 19.064 0.026 
58277.270 19.005 0.025 
58277.286 18.963 0.023 
58277.383 18.924 0.029 
58278.266 18.903 0.022 
58278.282 18.958 0.025 
58278.283 18.911 0.028 
58278.311 18.906 0.022 
58279.269 18.849 0.022 
58279.286 18.840 0.021 
58280.304 18.708 0.016 
58280.320 18.812 0.023 
58280.340 18.743 0.018 
58280.353 18.782 0.023 
58280.354 18.854 0.024 
58281.216 18.695 0.017 
58281.217 18.660 0.019 
58281.324 18.725 0.022 
58281.348 18.691 0.023 
58282.310 18.624 0.021 
58282.320 18.658 0.020 
58282.341 18.636 0.024 
58283.326 18.588 0.016 
58283.342 18.616 0.021 
58283.368 18.620 0.021 
58284.284 18.543 0.018 
58284.285 18.532 0.019 
58284.297 18.558 0.019 
58284.317 18.561 0.023 
58285.305 18.573 0.016 
58285.324 18.601 0.017 
58286.292 18.567 0.016 
58286.300 18.534 0.016 
58286.325 18.588 0.018 
58287.265 18.540 0.015 
58287.287 18.564 0.016 
58287.288 18.567 0.018 
58287.301 18.550 0.016 
58288.280 18.483 0.016 
58288.302 18.512 0.015 
58288.318 18.508 0.015 
58289.240 18.494 0.019 
58289.258 18.511 0.024 
58290.263 18.516 0.023 
58290.327 18.504 0.023 
58290.328 18.510 0.025 
58290.345 18.433 0.019 
58291.266 18.456 0.023 
58291.277 18.484 0.024 
58291.300 18.474 0.023 
58292.247 18.490 0.030 
58292.260 18.526 0.026 
58292.288 18.520 0.028 
58292.289 18.516 0.027 
58292.297 18.417 0.021 
58293.266 18.515 0.025 
58293.289 18.582 0.036 
58294.311 18.549 0.037 
58294.312 18.522 0.031 
58296.250 18.529 0.028 
58296.280 18.610 0.033 
58297.277 18.582 0.043 
58297.303 18.532 0.046 
58297.319 18.583 0.047 
58298.266 18.616 0.041 
58298.284 18.564 0.041 
58298.297 18.687 0.048 
58298.329 18.714 0.065 
58298.329 18.740 0.061 
58299.349 18.865 0.061 
58299.350 18.681 0.051 
58299.358 18.783 0.062 
58299.385 18.729 0.059 
58300.330 18.745 0.037 
58300.346 18.714 0.034 
58300.357 18.727 0.037 
58301.184 18.834 0.029 
58301.348 18.802 0.031 
58301.366 18.863 0.049 
58302.305 18.932 0.052 
58302.306 18.880 0.051 
58302.320 18.855 0.048 
58302.350 18.938 0.059 
58303.306 18.945 0.031 
58303.319 18.959 0.034 
58303.350 18.915 0.032 
58304.330 18.930 0.026 
58304.339 18.942 0.028 
58305.339 19.077 0.039 
58305.372 19.080 0.050 
58306.188 19.122 0.054 
58306.200 19.057 0.029 
58307.187 19.055 0.028 
58307.201 19.076 0.027 
58307.366 19.066 0.032 
58308.239 19.093 0.028 
58308.240 19.083 0.027 
58308.329 19.167 0.064 
58311.185 19.272 0.037 
58311.201 19.276 0.032 
58311.202 19.275 0.034 
58311.217 19.301 0.045 
58312.216 19.250 0.035 
58312.240 19.271 0.032 
58313.224 19.299 0.042 
58314.181 19.304 0.040 
58314.203 19.331 0.040 
58314.204 19.334 0.038 
58314.213 19.387 0.049 
58315.245 19.201 0.054 
58315.318 19.468 0.047 
58315.344 19.382 0.045 
58316.239 19.443 0.041 
58316.254 19.401 0.057 
58319.223 19.516 0.077 
58319.245 19.581 0.079 
58319.246 19.491 0.056 
58319.256 19.639 0.063 
58320.259 19.672 0.062 
58320.277 19.756 0.074 
58320.352 19.610 0.055 
58321.224 19.563 0.065 
58321.236 19.559 0.063 
58321.264 19.603 0.093 
58322.234 19.719 0.069 
58322.234 19.564 0.058 
58322.255 19.732 0.067 
58322.289 19.680 0.074 
58323.230 19.872 0.086 
58323.244 19.781 0.080 
58324.178 19.720 0.221 
58325.222 19.774 0.106 
58325.223 19.930 0.125 
58325.238 19.769 0.104 
58325.265 20.009 0.137 
58326.288 19.828 0.130 
58326.295 19.816 0.138 
58328.331 19.706 0.160 
58329.301 19.869 0.131 
58329.319 20.063 0.158 
58330.304 20.079 0.127 
58330.318 20.153 0.159 
58330.341 19.843 0.134 
58331.184 20.119 0.075 
58331.194 20.052 0.067 
58331.195 19.976 0.055 
58331.214 20.017 0.072 
58334.167 20.171 0.081 
58337.193 20.155 0.078 
58340.183 20.410 0.121 
58343.160 20.441 0.106 
58346.180 20.619 0.121 
58350.154 20.526 0.129 
58350.155 20.383 0.111 
58350.182 20.679 0.153 
58350.207 20.412 0.117 
58351.162 20.570 0.120 
58351.177 20.636 0.141 
58351.206 20.848 0.196 
58352.227 20.610 0.204 
58352.232 20.617 0.196 
58352.259 20.261 0.151 
58353.150 20.558 0.176 
58353.162 20.553 0.154 
58353.180 20.755 0.197 
58353.196 20.562 0.159 
58353.240 20.487 0.171 
58353.267 20.981 0.270 
58353.278 20.927 0.283 
filter ztfi
58277.297 19.233 0.048 
58281.299 18.913 0.039 
58285.476 18.891 0.062 
58289.354 18.958 0.045 
58295.319 18.868 0.056 
58312.186 19.248 0.057 
58320.245 19.638 0.119 
58325.308 20.182 0.208 
58344.324 20.366 0.209 
