ZTF18acryfsy 0.06066763 207.893152 -5.890406
filter ztfg
58204.341 19.089 0.085 
58204.367 19.257 0.104 
58207.351 18.366 0.053 
58207.361 18.407 0.053 
58211.344 17.864 0.060 
58211.392 17.874 0.060 
58223.331 17.894 0.012 
58229.292 18.291 0.019 
58243.251 19.411 0.040 
58246.295 19.764 0.052 
filter ztfr
58218.324 17.846 0.012 
58219.346 17.877 0.018 
58219.360 17.897 0.016 
58231.272 18.455 0.025 
58243.293 18.700 0.031 
58246.232 18.865 0.041 
58289.212 20.505 0.226 
filter ztfi
58232.315 19.179 0.074 
58249.296 19.127 0.115 
58261.256 19.463 0.124 
