ZTF18acdxhus 0.092 354.31643 -16.927175
filter ztfg
58423.239 20.682 0.168 
58425.186 19.976 0.097 
58426.226 19.922 0.176 
58426.228 19.887 0.124 
58428.187 19.262 0.042 
58429.210 19.100 0.033 
58429.211 19.119 0.032 
58434.142 18.646 0.049 
58435.190 18.586 0.049 
58435.199 18.626 0.052 
filter ztfr
58426.233 19.985 0.136 
58426.234 20.062 0.133 
58428.249 19.512 0.067 
58429.253 19.304 0.047 
58429.255 19.218 0.044 
58431.187 18.827 0.070 
58432.253 18.953 0.056 
58432.255 18.848 0.056 
58443.139 18.683 0.059 
58443.143 18.596 0.070 
58443.167 18.806 0.075 
58457.149 12.929 0.184 
filter ztfi
58430.211 19.389 0.088 
58434.212 19.283 0.161 
