ZTF19aayrjnf 0.07083369 353.087732 -0.552999
filter ztfg
58651.476 18.910 0.108 
58660.458 19.535 0.134 
58669.460 20.501 0.096 
58672.426 20.973 0.165 
58675.445 20.731 0.119 
58695.433 21.106 0.145 
58695.433 21.640 0.273 
58695.434 20.978 0.155 
58703.460 21.478 0.217 
filter ztfr
58655.441 18.858 0.077 
58666.422 19.170 0.034 
58669.438 19.326 0.037 
58672.462 19.623 0.043 
58675.482 19.809 0.069 
58678.479 19.907 0.054 
58681.435 20.010 0.195 
58688.411 20.047 0.102 
58691.419 20.412 0.104 
58694.384 20.374 0.092 
58697.418 20.456 0.092 
58707.463 21.574 0.271 
58719.436 20.810 0.170 
58719.436 20.944 0.191 
filter ztfi
58668.471 19.562 0.075 
58672.450 19.777 0.088 
