ZTF18abltdkd 0.03291452 243.586222 3.231956
filter ztfg
58343.169 17.018 0.007 
58343.169 17.015 0.007 
58346.148 16.670 0.016 
58346.163 16.608 0.008 
58362.190 16.747 0.005 
58365.211 16.919 0.007 
58366.208 17.030 0.006 
58369.229 17.267 0.015 
filter ztfr
58343.150 17.094 0.011 
58343.151 17.176 0.010 
58346.169 16.784 0.008 
58358.189 16.627 0.008 
58362.133 16.856 0.008 
58362.134 16.835 0.009 
58369.126 17.227 0.016 
filter ztfi
58345.147 17.340 0.031 
58350.226 17.153 0.016 
58363.130 17.883 0.045 
58367.141 18.124 0.033 
58367.142 18.197 0.027 
