ZTF19abattvp 0.077659 329.547899 -11.449772
filter ztfg
58658.459 18.669 0.040 
58661.460 18.683 0.026 
58665.480 18.761 0.043 
58668.441 18.877 0.024 
58672.423 19.185 0.032 
58686.461 19.968 0.155 
58696.400 21.035 0.146 
58705.393 21.586 0.310 
filter ztfr
58652.439 19.193 0.121 
58661.422 18.598 0.028 
58665.438 18.549 0.019 
58672.460 18.847 0.026 
58675.486 18.969 0.042 
58678.481 19.133 0.037 
58681.420 19.207 0.113 
58690.381 19.462 0.051 
58693.395 19.807 0.071 
58696.392 19.764 0.050 
58699.373 19.946 0.061 
58705.442 20.002 0.111 
filter ztfi
58668.461 19.402 0.084 
58672.440 19.769 0.114 
58691.336 19.361 0.057 
58698.390 19.791 0.093 
58703.378 20.526 0.193 
