ZTF19abqkpoi 0.0788 340.544793 -7.332177
filter ztfg
58720.398 18.504 0.033 
58723.416 18.523 0.024 
58725.326 18.759 0.033 
58728.299 19.080 0.083 
58733.314 19.289 0.063 
58733.315 19.422 0.074 
58736.306 19.699 0.195 
filter ztfr
58736.371 19.315 0.189 
58737.320 19.029 0.223 
58744.356 20.240 0.259 
58744.360 19.912 0.220 
58747.271 19.988 0.155 
58750.274 19.941 0.177 
58750.277 20.011 0.212 
58757.273 20.430 0.230 
58757.296 20.580 0.268 
58760.272 20.155 0.182 
58771.324 19.565 0.241 
58774.195 20.129 0.255 
filter ztfi
58725.304 19.334 0.176 
58733.425 19.220 0.164 
58744.350 19.560 0.304 
58748.274 19.378 0.184 
