ZTF18abmmkaz 0.0680671 273.827255 29.910744
filter ztfg
58346.329 18.532 0.018 
58349.192 18.231 0.018 
58349.219 18.187 0.018 
58349.229 18.181 0.018 
58350.269 18.107 0.015 
58350.302 18.120 0.018 
58350.316 18.154 0.017 
58351.233 18.125 0.022 
58351.270 18.104 0.023 
58351.274 18.088 0.022 
58352.171 18.084 0.028 
58352.207 18.096 0.025 
58352.208 18.052 0.021 
58360.164 18.201 0.011 
58361.152 18.277 0.012 
58361.168 18.323 0.014 
58361.196 18.217 0.010 
58362.205 18.372 0.021 
58362.223 18.298 0.019 
58362.224 18.324 0.016 
58362.233 18.345 0.019 
58363.152 18.432 0.019 
58363.169 18.433 0.022 
58363.207 18.392 0.017 
58364.204 18.438 0.014 
58364.228 18.510 0.013 
58364.234 18.427 0.013 
58365.225 18.543 0.013 
58365.226 18.500 0.013 
58365.246 18.487 0.013 
58365.267 18.475 0.014 
58366.195 18.587 0.017 
58366.225 18.609 0.015 
58366.233 18.560 0.013 
58367.228 18.691 0.020 
58367.233 18.684 0.019 
58367.253 18.680 0.020 
58368.205 18.745 0.016 
58368.206 18.753 0.016 
58368.212 18.762 0.016 
58368.248 18.797 0.020 
58369.215 18.826 0.017 
58369.233 18.761 0.017 
58369.262 18.778 0.020 
58370.172 18.912 0.019 
58370.192 18.949 0.019 
58370.212 18.912 0.020 
58371.193 19.020 0.022 
58371.194 18.940 0.020 
58371.211 19.021 0.020 
58371.248 19.044 0.024 
58372.194 19.088 0.023 
58372.226 19.124 0.023 
58372.233 19.085 0.025 
58373.193 19.217 0.030 
58373.211 19.235 0.029 
58373.249 19.227 0.040 
58374.206 19.332 0.035 
58374.207 19.245 0.030 
58374.228 19.277 0.036 
58374.248 19.262 0.030 
58375.226 19.326 0.028 
58375.234 19.339 0.037 
58375.290 19.368 0.044 
58376.213 19.476 0.036 
58376.249 19.457 0.041 
58377.227 19.442 0.041 
58377.228 19.464 0.049 
58377.234 19.398 0.040 
58377.261 19.490 0.048 
58378.166 19.638 0.047 
58378.187 19.602 0.048 
58378.194 19.700 0.051 
58379.150 19.629 0.053 
58379.170 19.589 0.051 
58379.189 19.674 0.054 
58380.118 19.889 0.081 
58380.162 19.859 0.074 
58380.163 19.918 0.079 
58380.174 19.761 0.075 
58381.187 19.920 0.097 
58381.192 19.742 0.085 
58381.227 19.947 0.121 
58382.185 19.983 0.098 
58382.207 19.832 0.102 
58382.224 19.971 0.134 
58383.172 20.081 0.127 
58383.173 20.026 0.118 
58383.192 20.043 0.158 
58383.226 20.034 0.132 
58384.228 19.786 0.116 
58384.233 19.868 0.128 
58384.266 19.871 0.171 
58385.132 20.228 0.155 
58386.113 20.429 0.191 
58386.114 19.989 0.115 
58386.144 20.259 0.167 
58386.151 20.231 0.183 
58387.173 19.894 0.111 
58388.114 20.445 0.082 
58388.142 20.411 0.130 
58388.152 20.384 0.151 
58389.144 20.188 0.061 
58389.162 20.596 0.127 
58389.163 20.443 0.121 
58389.173 20.632 0.155 
58390.108 20.367 0.099 
58390.129 20.483 0.076 
58390.154 20.424 0.074 
58400.127 20.830 0.110 
filter ztfr
58346.210 18.633 0.016 
58346.211 18.549 0.017 
58346.213 18.596 0.016 
58349.253 18.283 0.016 
58349.254 18.309 0.017 
58349.290 18.330 0.016 
58349.299 18.321 0.019 
58350.172 18.186 0.014 
58350.209 18.239 0.017 
58351.185 18.173 0.015 
58351.190 18.169 0.015 
58351.225 18.184 0.016 
58352.211 18.155 0.022 
58352.249 18.133 0.019 
58352.253 18.178 0.019 
58353.169 18.139 0.017 
58353.194 18.118 0.016 
58353.228 18.152 0.018 
58353.253 18.116 0.017 
58353.290 18.108 0.018 
58353.295 18.068 0.018 
58354.192 18.135 0.021 
58354.228 18.122 0.022 
58354.232 18.040 0.015 
58355.291 18.090 0.020 
58356.207 18.146 0.023 
58356.226 18.070 0.023 
58356.232 18.160 0.022 
58356.233 18.098 0.021 
58356.286 18.146 0.030 
58357.175 18.123 0.023 
58357.191 18.184 0.024 
58357.247 18.168 0.023 
58357.268 18.173 0.026 
58357.291 18.131 0.024 
58358.206 18.155 0.021 
58358.212 18.183 0.021 
58358.240 18.194 0.024 
58359.208 18.116 0.015 
58359.227 18.153 0.015 
58359.253 18.125 0.015 
58360.233 18.247 0.019 
58360.254 18.272 0.020 
58361.235 18.259 0.014 
58361.265 18.273 0.017 
58362.156 18.302 0.013 
58362.172 18.349 0.014 
58362.173 18.308 0.011 
58363.216 18.391 0.022 
58363.236 18.355 0.018 
58363.254 18.387 0.025 
58364.161 18.395 0.014 
58364.171 18.402 0.013 
58365.153 18.468 0.014 
58365.175 18.471 0.015 
58365.176 18.470 0.015 
58365.192 18.471 0.016 
58367.164 18.575 0.018 
58367.175 18.608 0.022 
58367.193 18.632 0.022 
58368.132 18.626 0.019 
58368.164 18.623 0.016 
58368.173 18.648 0.017 
58368.174 18.630 0.017 
58369.147 18.697 0.018 
58369.172 18.705 0.017 
58369.203 18.754 0.019 
58370.135 18.792 0.026 
58370.166 18.750 0.020 
58370.264 18.766 0.027 
58371.133 18.782 0.019 
58371.164 18.709 0.017 
58371.186 18.764 0.018 
58371.187 18.754 0.017 
58372.132 18.745 0.019 
58372.160 18.761 0.018 
58373.140 18.851 0.020 
58373.150 18.858 0.021 
58373.173 18.837 0.021 
58374.145 18.881 0.025 
58374.163 18.888 0.023 
58374.186 18.853 0.021 
58374.187 18.868 0.022 
58375.161 18.859 0.020 
58375.173 18.853 0.022 
58375.206 18.954 0.022 
58376.172 18.943 0.025 
58376.192 18.936 0.026 
58377.127 18.818 0.026 
58377.165 18.881 0.024 
58377.173 18.830 0.023 
58377.174 18.910 0.026 
58378.129 18.914 0.024 
58378.228 18.883 0.030 
58378.245 18.916 0.030 
58379.229 18.934 0.030 
58379.248 18.896 0.032 
58379.253 18.889 0.033 
58380.248 19.002 0.037 
58381.125 18.969 0.032 
58381.128 19.019 0.031 
58381.152 18.964 0.031 
58382.128 19.013 0.030 
58382.151 18.974 0.031 
58383.131 19.059 0.041 
58383.131 19.080 0.041 
58383.153 18.985 0.043 
58384.139 19.017 0.039 
58384.150 19.114 0.043 
58384.208 19.031 0.051 
58385.171 19.162 0.052 
58385.206 19.148 0.067 
58385.217 19.104 0.056 
58386.207 19.168 0.070 
58386.208 19.277 0.070 
58386.212 19.156 0.077 
58386.245 19.241 0.084 
58387.111 19.111 0.034 
58387.143 19.247 0.048 
58387.151 19.207 0.045 
58388.186 19.263 0.053 
58388.191 19.309 0.069 
58388.224 19.327 0.073 
58389.112 19.347 0.044 
58389.113 19.331 0.038 
58389.225 19.174 0.051 
58389.236 19.186 0.049 
58390.182 19.366 0.039 
58390.206 19.403 0.060 
58390.225 19.338 0.049 
58400.152 19.767 0.054 
58400.179 19.833 0.062 
58400.203 19.673 0.073 
58423.084 20.195 0.124 
58428.093 20.579 0.194 
58429.091 20.607 0.118 
58430.081 20.592 0.171 
filter ztfi
58347.368 18.862 0.047 
58351.326 18.871 0.054 
58362.286 19.328 0.081 
58366.277 19.367 0.080 
58375.323 20.114 0.223 
58379.143 19.999 0.142 
58390.287 19.463 0.208 
