ZTF19aavnwtf 0.05146478 155.834334 41.394849
filter ztfg
58632.195 18.402 0.019 
58633.225 18.155 0.013 
58634.200 17.979 0.010 
58634.204 17.977 0.011 
58637.221 17.637 0.011 
58640.175 17.448 0.013 
58643.171 17.442 0.019 
58649.176 17.672 0.034 
58654.235 17.987 0.040 
58662.206 18.789 0.047 
58669.204 19.482 0.128 
58672.176 19.826 0.185 
filter ztfr
58632.180 18.704 0.038 
58633.173 18.364 0.023 
58634.175 18.157 0.016 
58634.182 18.186 0.017 
58637.175 17.809 0.012 
58640.224 17.643 0.014 
58643.246 17.603 0.023 
58649.219 17.741 0.031 
58654.178 18.190 0.033 
58662.183 18.367 0.042 
58669.177 18.611 0.077 
58672.199 18.588 0.057 
filter ztfi
58628.177 20.136 0.124 
