ZTF19aayjsty 0.07354092 212.685934 -8.204023
filter ztfg
58640.190 19.999 0.094 
58643.191 19.058 0.063 
58652.190 18.285 0.044 
58655.252 18.463 0.053 
58658.190 18.653 0.029 
58662.191 19.035 0.045 
58668.190 19.590 0.069 
filter ztfr
58640.210 20.078 0.140 
58643.232 19.075 0.070 
58649.233 18.604 0.105 
58652.274 18.437 0.059 
58655.173 18.525 0.056 
58658.172 18.684 0.046 
58668.172 19.129 0.083 
58671.206 19.221 0.106 
58680.235 19.614 0.189 
filter ztfi
58645.270 19.185 0.130 
58649.330 18.843 0.230 
58653.236 19.058 0.111 
