ZTF19abglmpf 0.0138 291.813039 43.909529
filter ztfg
58682.220 17.741 0.054 
58684.273 17.386 0.032 
58685.371 17.209 0.025 
58688.309 16.982 0.015 
58690.285 16.930 0.010 
58693.306 16.907 0.012 
58696.315 16.920 0.013 
58697.334 16.958 0.011 
58697.364 16.963 0.017 
58697.372 16.973 0.014 
58699.317 17.060 0.014 
58699.359 17.232 0.029 
58699.367 17.062 0.015 
58700.314 17.108 0.013 
58700.360 17.087 0.018 
58700.368 17.094 0.014 
58701.317 17.155 0.013 
58701.360 17.189 0.015 
58701.368 17.170 0.015 
58702.316 17.226 0.013 
58702.360 17.233 0.020 
58702.368 17.305 0.034 
58703.317 17.284 0.014 
58703.360 17.294 0.017 
58703.368 17.301 0.015 
58704.312 17.373 0.020 
58704.360 17.388 0.026 
58704.368 17.445 0.025 
58705.231 17.450 0.026 
58705.270 17.458 0.017 
58705.271 17.428 0.018 
58705.382 17.449 0.020 
58705.390 17.461 0.020 
58706.234 17.537 0.031 
58706.379 17.516 0.026 
58706.387 17.540 0.026 
58707.231 17.612 0.040 
58707.383 17.586 0.037 
58707.391 17.565 0.038 
58708.232 17.681 0.044 
58708.380 17.675 0.047 
58708.388 17.701 0.052 
58709.231 17.662 0.056 
58709.381 17.800 0.078 
58709.389 17.822 0.081 
58711.266 17.955 0.062 
58720.187 18.738 0.053 
58722.363 19.104 0.054 
58723.269 19.053 0.055 
58723.363 19.326 0.064 
58724.365 19.266 0.075 
58727.271 19.218 0.054 
58727.272 19.320 0.059 
58729.184 19.123 0.102 
58732.363 19.599 0.109 
58733.306 19.507 0.139 
58733.363 19.525 0.106 
58734.244 19.294 0.109 
58734.244 19.403 0.121 
58736.126 19.414 0.119 
58737.161 19.399 0.187 
58740.132 19.508 0.283 
58743.131 19.404 0.114 
58746.145 19.565 0.123 
58763.139 20.085 0.186 
58763.139 19.915 0.156 
58764.206 19.628 0.202 
filter ztfr
58681.297 18.024 0.047 
58681.317 18.037 0.050 
58681.318 18.018 0.052 
58681.334 17.994 0.049 
58681.352 17.997 0.052 
58681.354 18.022 0.056 
58681.383 17.957 0.047 
58681.390 17.897 0.052 
58681.390 18.053 0.056 
58682.276 17.807 0.035 
58682.293 17.768 0.034 
58682.293 17.740 0.034 
58682.328 17.741 0.035 
58682.344 17.768 0.036 
58682.352 17.820 0.041 
58682.357 17.784 0.036 
58682.374 17.781 0.036 
58682.375 17.673 0.034 
58682.385 17.768 0.031 
58682.385 17.726 0.028 
58683.226 17.593 0.035 
58683.254 17.600 0.028 
58683.336 17.558 0.030 
58683.336 17.529 0.027 
58683.358 17.523 0.030 
58683.362 17.594 0.031 
58683.386 17.640 0.035 
58683.398 17.582 0.030 
58683.398 17.541 0.027 
58684.245 17.445 0.027 
58684.312 17.396 0.029 
58684.312 17.457 0.028 
58684.318 17.399 0.027 
58684.319 17.387 0.025 
58684.359 17.467 0.031 
58684.365 17.502 0.033 
58684.380 17.484 0.034 
58685.346 17.323 0.023 
58685.417 17.349 0.018 
58686.320 17.243 0.016 
58686.321 17.266 0.016 
58688.370 17.065 0.014 
58690.346 16.997 0.011 
58691.362 16.934 0.013 
58692.327 16.905 0.014 
58693.224 16.955 0.013 
58693.373 16.975 0.012 
58693.373 16.938 0.011 
58694.199 16.956 0.015 
58695.271 16.915 0.017 
58696.286 16.929 0.013 
58697.308 16.983 0.013 
58697.346 16.961 0.013 
58697.355 16.955 0.013 
58699.289 16.998 0.014 
58699.341 17.040 0.014 
58699.349 16.996 0.015 
58700.285 17.058 0.012 
58700.343 17.126 0.016 
58700.351 17.092 0.014 
58701.289 17.193 0.016 
58701.342 17.160 0.015 
58701.350 17.202 0.017 
58702.288 17.157 0.015 
58702.342 17.227 0.016 
58702.351 17.228 0.020 
58703.290 17.336 0.017 
58703.343 17.294 0.015 
58703.351 17.351 0.017 
58704.191 17.338 0.019 
58704.191 17.362 0.019 
58704.232 17.373 0.018 
58704.243 17.432 0.023 
58704.265 17.379 0.020 
58704.266 17.392 0.022 
58704.285 17.412 0.026 
58704.343 17.525 0.039 
58704.351 17.466 0.027 
58705.203 17.465 0.023 
58705.284 17.461 0.022 
58705.285 17.431 0.022 
58705.302 17.426 0.020 
58705.320 17.450 0.024 
58705.323 17.434 0.022 
58705.336 17.452 0.024 
58705.351 17.459 0.023 
58705.352 17.451 0.022 
58705.365 17.460 0.022 
58705.373 17.437 0.018 
58706.205 17.576 0.030 
58706.258 17.501 0.024 
58706.259 17.524 0.028 
58706.297 17.579 0.028 
58706.298 17.503 0.025 
58706.313 17.563 0.029 
58706.316 17.553 0.027 
58706.333 17.535 0.028 
58706.333 17.510 0.028 
58706.340 17.560 0.026 
58706.341 17.529 0.022 
58706.362 17.477 0.025 
58706.370 17.556 0.028 
58707.202 17.637 0.033 
58707.293 17.566 0.034 
58707.294 17.640 0.036 
58707.296 17.632 0.034 
58707.315 17.560 0.033 
58707.316 17.588 0.032 
58707.317 17.551 0.028 
58707.357 17.580 0.029 
58707.358 17.584 0.030 
58707.366 17.603 0.032 
58707.374 17.589 0.029 
58708.203 17.575 0.036 
58708.260 17.580 0.033 
58708.261 17.595 0.038 
58708.295 17.683 0.044 
58708.304 17.750 0.050 
58708.304 17.747 0.050 
58708.334 17.831 0.056 
58708.334 17.711 0.048 
58708.363 17.613 0.033 
58708.371 17.625 0.033 
58709.203 17.673 0.039 
58709.284 17.627 0.035 
58709.284 17.662 0.037 
58709.308 17.605 0.034 
58709.319 17.626 0.041 
58709.320 17.661 0.041 
58709.327 17.621 0.043 
58709.333 17.643 0.045 
58709.346 17.672 0.042 
58709.347 17.643 0.042 
58709.364 17.627 0.038 
58709.372 17.688 0.046 
58710.264 17.756 0.054 
58710.264 17.580 0.040 
58710.273 17.728 0.045 
58710.313 17.640 0.039 
58710.315 17.688 0.038 
58710.337 17.630 0.038 
58710.338 17.763 0.044 
58711.299 17.685 0.037 
58712.266 17.662 0.030 
58712.267 17.775 0.038 
58712.276 17.751 0.037 
58712.296 17.737 0.034 
58712.307 17.708 0.035 
58712.313 17.672 0.032 
58712.334 17.727 0.036 
58712.334 17.692 0.034 
58713.283 17.724 0.049 
58713.297 17.639 0.043 
58713.300 17.691 0.040 
58713.313 17.696 0.035 
58713.327 17.788 0.036 
58713.328 17.745 0.038 
58714.255 17.699 0.028 
58714.256 17.606 0.029 
58714.293 17.699 0.028 
58714.298 17.689 0.028 
58714.309 17.656 0.029 
58714.313 17.642 0.028 
58714.318 17.690 0.027 
58714.335 17.676 0.029 
58714.336 17.678 0.026 
58714.348 17.631 0.029 
58717.313 17.744 0.029 
58720.332 17.748 0.031 
58720.345 17.822 0.021 
58723.336 17.938 0.018 
58723.345 17.977 0.022 
58730.141 18.314 0.039 
58730.142 18.334 0.037 
58730.158 18.394 0.046 
58733.236 18.608 0.060 
58734.345 18.565 0.061 
58735.166 18.533 0.068 
58735.166 18.410 0.065 
58735.180 18.457 0.063 
58735.195 18.631 0.078 
58735.210 18.562 0.065 
58735.230 18.621 0.072 
58736.193 18.575 0.050 
58736.248 18.468 0.032 
58737.202 18.722 0.101 
58737.202 18.638 0.115 
58737.216 18.519 0.102 
58737.218 18.709 0.112 
58737.222 18.655 0.105 
58737.227 18.846 0.116 
58737.249 18.563 0.085 
58738.256 18.848 0.141 
58738.257 18.699 0.114 
58738.275 18.735 0.120 
58738.282 18.797 0.134 
58738.284 18.896 0.139 
58738.311 19.022 0.157 
58738.314 18.589 0.118 
58738.315 18.592 0.112 
58738.336 18.715 0.131 
58738.336 18.759 0.136 
58739.270 18.869 0.162 
58739.270 18.815 0.141 
58739.272 18.812 0.139 
58739.290 18.998 0.199 
58739.315 18.921 0.187 
58739.317 18.778 0.167 
58739.318 18.586 0.104 
58739.319 18.754 0.115 
58739.319 18.615 0.143 
58739.320 18.767 0.162 
58740.285 18.726 0.130 
58740.286 18.802 0.121 
58740.300 18.806 0.143 
58740.304 18.784 0.138 
58740.312 18.925 0.115 
58740.314 18.709 0.093 
58740.317 18.876 0.151 
58740.319 18.820 0.138 
58740.322 18.811 0.101 
58740.327 18.869 0.184 
58740.334 19.003 0.184 
58740.341 18.936 0.216 
58740.341 18.727 0.160 
58740.350 18.844 0.125 
58740.350 18.894 0.132 
58741.259 18.776 0.125 
58741.260 18.751 0.129 
58741.280 18.629 0.132 
58741.284 18.952 0.169 
58741.293 19.099 0.173 
58741.300 18.993 0.162 
58741.310 18.935 0.095 
58741.312 18.751 0.136 
58741.313 18.884 0.138 
58741.318 18.866 0.096 
58741.321 19.106 0.168 
58741.322 19.065 0.159 
58741.329 18.855 0.116 
58741.330 18.975 0.114 
58743.261 18.877 0.117 
58743.262 18.777 0.112 
58743.290 18.894 0.143 
58743.292 18.816 0.147 
58743.292 19.036 0.189 
58743.306 18.882 0.161 
58743.315 18.735 0.102 
58743.317 18.876 0.123 
58743.331 19.070 0.149 
58743.331 18.809 0.109 
58743.334 18.822 0.161 
58743.334 18.968 0.179 
58744.262 18.877 0.113 
58744.263 19.067 0.124 
58744.278 19.059 0.160 
58744.289 18.831 0.177 
58744.304 18.824 0.104 
58744.306 19.082 0.146 
58744.308 19.012 0.083 
58744.311 19.219 0.138 
58744.317 18.951 0.116 
58744.318 19.177 0.106 
58744.323 19.047 0.131 
58744.323 19.049 0.127 
58744.333 19.011 0.084 
58744.334 18.915 0.071 
58745.259 18.997 0.087 
58745.259 19.014 0.099 
58745.274 19.180 0.118 
58745.286 19.045 0.114 
58745.294 19.063 0.138 
58745.303 18.851 0.121 
58745.308 19.127 0.174 
58745.309 19.148 0.181 
58745.320 18.978 0.160 
58745.320 19.020 0.132 
58745.331 18.902 0.101 
58745.331 18.783 0.086 
58749.264 19.243 0.114 
58754.135 19.137 0.091 
58761.140 19.686 0.150 
58762.139 19.416 0.115 
58762.139 19.562 0.119 
58767.118 19.488 0.281 
