ZTF19abhphah 0.09054179 287.607787 50.570549
filter ztfg
58685.374 20.600 0.180 
58688.309 19.757 0.046 
58688.309 19.722 0.047 
58688.311 19.568 0.043 
58688.312 19.605 0.047 
58688.327 19.755 0.061 
58688.333 19.701 0.053 
58690.284 19.293 0.026 
58690.285 19.277 0.029 
58690.286 19.335 0.029 
58690.311 19.282 0.029 
58690.312 19.420 0.031 
58691.300 19.237 0.027 
58691.301 19.194 0.027 
58691.304 19.243 0.026 
58691.318 19.253 0.027 
58691.320 19.316 0.032 
58693.265 19.032 0.022 
58693.266 19.082 0.024 
58693.277 19.133 0.023 
58693.278 19.085 0.026 
58693.280 19.122 0.025 
58693.281 19.072 0.030 
58693.302 19.073 0.025 
58693.303 19.157 0.025 
58694.320 19.084 0.024 
58695.312 19.068 0.027 
58695.317 18.995 0.024 
58696.266 18.864 0.020 
58696.267 19.108 0.024 
58696.314 18.975 0.022 
58696.318 18.924 0.020 
58697.191 18.923 0.024 
58697.333 19.007 0.022 
58697.337 18.930 0.021 
58699.193 18.967 0.027 
58699.316 19.222 0.039 
58699.320 18.888 0.024 
58700.264 18.900 0.021 
58700.265 19.013 0.023 
58700.313 18.955 0.020 
58700.317 18.962 0.025 
58701.316 19.005 0.021 
58701.320 19.106 0.030 
58701.375 18.986 0.023 
58701.375 18.921 0.023 
58702.315 19.090 0.026 
58702.320 19.001 0.026 
58703.316 19.071 0.023 
58703.320 18.953 0.022 
58703.374 18.975 0.030 
58703.375 19.086 0.026 
58704.311 19.152 0.035 
58704.315 19.185 0.046 
58704.333 19.247 0.050 
58704.333 19.111 0.040 
58704.387 19.156 0.042 
58704.388 19.181 0.047 
58705.230 19.145 0.041 
58705.235 19.118 0.040 
58705.412 19.222 0.037 
58705.413 19.160 0.038 
58706.183 19.230 0.049 
58706.183 19.118 0.046 
58706.233 19.208 0.048 
58707.230 19.280 0.070 
58707.235 19.158 0.068 
58707.403 19.154 0.056 
58707.404 19.092 0.050 
58707.430 19.155 0.060 
58708.188 19.339 0.069 
58708.231 19.457 0.081 
58708.343 19.547 0.100 
58708.390 19.183 0.086 
58708.428 19.610 0.166 
58708.446 19.394 0.121 
58709.157 19.473 0.078 
58709.158 19.380 0.083 
58709.182 19.315 0.081 
58709.182 19.460 0.081 
58709.230 19.384 0.073 
58709.236 19.253 0.078 
58710.155 19.431 0.091 
58710.156 19.146 0.077 
58710.202 19.774 0.153 
58710.202 19.679 0.147 
58710.223 19.461 0.106 
58710.225 19.282 0.094 
58710.347 19.566 0.133 
58711.167 19.653 0.088 
58711.201 19.606 0.146 
58711.202 19.369 0.080 
58711.261 19.367 0.087 
58711.343 19.633 0.131 
58712.163 19.765 0.069 
58712.163 19.532 0.064 
58712.186 19.821 0.090 
58712.187 19.528 0.069 
58712.200 19.657 0.077 
58712.202 19.631 0.080 
58712.347 19.589 0.156 
58713.347 19.601 0.139 
58714.167 19.772 0.048 
58714.167 19.723 0.044 
58714.202 19.943 0.089 
58714.202 19.884 0.074 
58714.228 19.773 0.080 
58714.229 19.848 0.076 
58715.287 20.002 0.091 
58715.287 19.934 0.097 
58715.350 19.847 0.113 
58716.160 19.892 0.053 
58716.162 19.850 0.049 
58716.173 19.964 0.066 
58716.174 20.092 0.072 
58716.307 20.039 0.110 
58716.308 19.834 0.078 
58716.351 19.985 0.139 
58717.248 20.161 0.071 
58717.287 20.236 0.110 
58717.288 19.912 0.084 
58717.350 20.034 0.118 
58718.186 20.242 0.070 
58718.308 20.314 0.119 
58718.309 20.298 0.111 
58719.246 20.078 0.088 
58719.250 20.273 0.115 
58719.288 20.237 0.105 
58719.288 20.202 0.095 
58719.311 20.391 0.154 
58719.312 20.165 0.123 
58720.167 20.508 0.102 
58720.183 20.323 0.075 
58720.186 20.297 0.083 
58720.307 20.357 0.103 
58720.308 20.152 0.083 
58721.248 20.414 0.164 
58722.287 20.662 0.120 
58722.287 20.508 0.107 
58723.161 20.408 0.100 
58723.163 20.396 0.091 
58723.180 20.574 0.102 
58723.180 20.390 0.092 
58723.269 20.447 0.079 
58723.270 20.547 0.096 
58723.271 20.570 0.083 
58723.272 20.804 0.099 
58723.309 20.810 0.123 
58723.310 20.562 0.094 
58724.178 20.472 0.087 
58724.179 20.663 0.125 
58724.267 20.741 0.116 
58724.268 20.692 0.106 
58724.309 20.551 0.107 
58724.310 20.633 0.115 
58725.182 20.955 0.155 
58725.200 20.506 0.099 
58725.200 20.491 0.097 
58725.286 20.564 0.096 
58725.286 20.586 0.102 
58726.287 20.867 0.136 
58726.287 21.163 0.192 
58727.166 20.953 0.124 
58727.176 21.167 0.162 
58727.177 20.686 0.108 
58727.309 20.567 0.131 
58727.309 20.649 0.119 
58732.154 21.076 0.211 
58732.181 20.965 0.184 
58732.181 21.423 0.260 
58732.199 21.044 0.213 
58732.284 21.062 0.155 
58732.313 21.165 0.199 
58733.193 20.965 0.188 
58733.284 20.880 0.189 
58733.334 21.309 0.305 
58734.197 21.164 0.292 
58735.144 21.095 0.280 
58735.283 20.909 0.301 
58735.414 20.847 0.301 
58736.131 21.208 0.234 
58736.293 20.888 0.307 
58739.133 20.682 0.259 
58763.140 20.904 0.196 
58763.209 21.051 0.257 
58764.205 21.087 0.260 
58765.274 20.743 0.271 
filter ztfr
58685.345 20.606 0.135 
58685.350 20.738 0.185 
58686.319 20.185 0.082 
58686.320 20.316 0.085 
58688.369 19.637 0.057 
58688.383 19.699 0.070 
58688.389 19.832 0.063 
58688.390 19.597 0.056 
58690.347 19.310 0.034 
58690.350 19.427 0.038 
58690.351 19.316 0.038 
58690.366 19.295 0.046 
58691.201 19.344 0.036 
58691.363 19.277 0.032 
58691.365 19.205 0.033 
58691.379 19.288 0.035 
58692.331 19.246 0.036 
58692.331 19.246 0.041 
58692.345 19.175 0.042 
58692.349 19.286 0.045 
58693.222 19.040 0.028 
58693.223 19.091 0.034 
58693.349 19.130 0.033 
58693.350 19.063 0.035 
58694.200 19.037 0.026 
58694.345 19.100 0.031 
58696.285 19.052 0.024 
58696.290 18.894 0.025 
58696.345 18.841 0.022 
58696.345 18.928 0.021 
58697.307 18.953 0.024 
58697.311 18.854 0.022 
58697.389 18.947 0.024 
58697.389 18.943 0.029 
58698.287 18.815 0.036 
58698.405 18.888 0.032 
58698.406 18.997 0.032 
58699.288 18.893 0.021 
58699.292 18.819 0.027 
58700.284 18.906 0.020 
58700.289 18.825 0.021 
58700.389 18.887 0.024 
58700.389 18.994 0.027 
58701.288 18.965 0.025 
58701.293 18.882 0.025 
58701.387 18.826 0.029 
58702.287 18.986 0.024 
58702.292 18.872 0.024 
58702.389 18.765 0.032 
58703.180 18.965 0.042 
58703.181 19.047 0.047 
58703.289 18.961 0.027 
58703.294 18.830 0.027 
58704.284 18.926 0.040 
58704.288 18.960 0.040 
58705.172 18.946 0.040 
58705.185 18.919 0.037 
58705.202 19.090 0.037 
58705.206 18.997 0.045 
58706.204 19.087 0.040 
58706.209 19.031 0.046 
58706.339 19.033 0.037 
58707.176 19.050 0.052 
58707.177 18.989 0.048 
58707.201 19.061 0.041 
58707.206 19.019 0.045 
58708.202 19.238 0.067 
58708.207 19.139 0.060 
58709.202 19.127 0.055 
58709.207 19.113 0.063 
58710.176 19.203 0.061 
58710.177 19.315 0.083 
58710.338 19.194 0.070 
58711.176 19.495 0.073 
58711.177 19.310 0.071 
58711.299 19.466 0.087 
58711.316 19.245 0.060 
58711.334 19.263 0.074 
58712.338 19.363 0.071 
58713.338 19.586 0.122 
58714.176 19.529 0.045 
58714.177 19.521 0.045 
58714.359 19.471 0.073 
58714.360 19.543 0.066 
58715.260 19.534 0.055 
58715.261 19.433 0.057 
58715.323 19.395 0.046 
58715.324 19.346 0.053 
58715.335 19.473 0.063 
58716.282 19.539 0.058 
58716.282 19.535 0.062 
58716.336 19.672 0.082 
58716.375 19.578 0.067 
58717.260 19.567 0.054 
58717.261 19.524 0.056 
58717.315 19.597 0.069 
58717.334 19.413 0.061 
58718.282 19.691 0.049 
58718.283 19.565 0.053 
58719.261 19.648 0.077 
58719.262 19.687 0.077 
58719.326 19.793 0.111 
58719.374 19.710 0.119 
58720.282 19.620 0.055 
58720.282 19.636 0.063 
58721.261 19.735 0.067 
58721.261 19.754 0.090 
58722.261 19.632 0.048 
58722.261 19.748 0.063 
58722.328 19.695 0.059 
58723.285 19.569 0.043 
58723.286 19.699 0.061 
58724.285 19.917 0.074 
58724.286 19.745 0.072 
58725.244 19.678 0.048 
58725.259 19.739 0.049 
58725.260 19.775 0.067 
58726.261 19.883 0.076 
58726.261 19.769 0.076 
58727.286 20.019 0.070 
58727.286 19.883 0.060 
58728.231 19.938 0.070 
58730.139 20.019 0.076 
58730.139 19.984 0.070 
58730.158 19.814 0.077 
58730.160 20.039 0.092 
58730.261 20.305 0.106 
58730.262 19.855 0.088 
58731.135 19.894 0.112 
58732.238 20.187 0.092 
58732.238 20.073 0.088 
58732.260 19.990 0.076 
58732.260 19.949 0.088 
58733.238 20.197 0.106 
58733.259 20.035 0.079 
58733.260 20.131 0.112 
58734.261 19.850 0.081 
58734.261 19.955 0.123 
58734.322 20.196 0.166 
58734.322 20.198 0.138 
58735.241 20.547 0.154 
58735.241 20.234 0.142 
58735.260 20.223 0.108 
58735.260 20.376 0.205 
58736.198 20.242 0.095 
58736.247 20.356 0.085 
58736.269 20.334 0.157 
58736.270 20.274 0.187 
58737.284 20.237 0.161 
58737.284 20.101 0.182 
58745.119 20.717 0.151 
58749.262 20.771 0.158 
58749.262 20.739 0.182 
58751.275 20.389 0.168 
58754.141 21.149 0.214 
58761.141 20.736 0.164 
58762.120 21.150 0.255 
58762.133 20.834 0.187 
58762.140 21.399 0.294 
58764.122 20.925 0.217 
58764.123 20.895 0.219 
58765.124 21.087 0.229 
58765.192 21.037 0.244 
58766.125 20.747 0.294 
58769.097 20.820 0.291 
filter ztfi
58685.297 20.428 0.193 
58690.325 19.621 0.080 
58690.325 19.654 0.074 
58696.183 19.340 0.072 
58696.183 19.396 0.062 
58701.405 19.478 0.085 
58701.405 19.401 0.085 
58705.435 19.610 0.115 
58705.435 19.912 0.166 
58712.216 20.003 0.144 
58712.217 19.825 0.128 
58724.329 20.067 0.147 
58724.332 20.252 0.196 
58732.323 19.785 0.112 
58732.324 20.351 0.213 
58736.323 20.011 0.206 
