ZTF18acetygb 0.08934205 339.887864 -2.761414
filter ztfg
58315.418 19.759 0.059 
58334.331 19.055 0.042 
58337.377 19.286 0.034 
58343.378 19.912 0.055 
58346.353 20.182 0.069 
58349.357 20.559 0.100 
58363.371 21.241 0.283 
filter ztfr
58319.440 19.168 0.029 
58322.397 18.944 0.026 
58325.465 18.887 0.066 
58334.377 19.093 0.039 
58335.436 19.033 0.036 
58335.437 19.064 0.033 
58337.336 19.187 0.027 
58343.354 19.374 0.041 
58346.378 19.216 0.031 
58349.335 19.564 0.047 
58362.383 20.324 0.152 
filter ztfi
58321.366 19.342 0.065 
58325.378 19.455 0.135 
58347.371 19.643 0.072 
58351.353 19.909 0.088 
