ZTF19aaxfzao 0.03421839 271.076943 29.733401
filter ztfg
58637.440 20.381 0.120 
58637.444 20.438 0.134 
58638.371 19.870 0.072 
58638.375 19.859 0.063 
58639.260 19.396 0.044 
58639.429 19.262 0.044 
58639.432 19.216 0.041 
58640.333 18.905 0.035 
58640.352 18.954 0.031 
58640.353 18.808 0.030 
58640.372 18.874 0.034 
58641.431 18.535 0.025 
58641.433 18.527 0.027 
58641.433 18.493 0.023 
58641.434 18.504 0.029 
58642.388 18.290 0.015 
58642.414 18.276 0.018 
58643.319 18.107 0.014 
58643.336 18.015 0.020 
58643.338 18.101 0.014 
58643.429 18.079 0.016 
58644.353 17.937 0.014 
58644.354 17.948 0.015 
58644.436 17.927 0.013 
58645.407 17.710 0.012 
58645.410 17.824 0.012 
58645.437 17.798 0.014 
58645.448 17.807 0.015 
58646.437 17.694 0.016 
58647.369 17.620 0.014 
58647.391 17.633 0.013 
58647.392 17.629 0.016 
58647.394 17.597 0.016 
58648.362 17.618 0.018 
58649.370 17.548 0.019 
58650.443 17.462 0.023 
58650.443 17.519 0.023 
58653.311 17.517 0.018 
58653.324 17.529 0.020 
58653.341 17.500 0.018 
58653.371 17.494 0.019 
58653.372 17.563 0.020 
58657.236 17.544 0.012 
58657.241 17.630 0.010 
58657.444 17.621 0.016 
58657.455 17.601 0.017 
58658.454 17.672 0.017 
58660.339 17.698 0.012 
58660.341 17.737 0.009 
58661.445 17.855 0.016 
58662.433 17.922 0.018 
58663.476 17.929 0.034 
58665.216 18.166 0.022 
58665.233 18.119 0.015 
58666.217 18.185 0.014 
58666.237 18.176 0.023 
58666.238 18.237 0.020 
58666.241 18.177 0.016 
58667.320 18.276 0.019 
58667.341 18.274 0.017 
58668.280 18.380 0.018 
58669.282 18.416 0.019 
58669.285 18.448 0.024 
58669.286 18.486 0.025 
58672.316 18.713 0.030 
58672.332 18.668 0.026 
58672.351 18.766 0.030 
58672.352 18.769 0.024 
58673.339 18.813 0.027 
58674.317 18.886 0.043 
58674.340 19.084 0.062 
58675.330 18.948 0.052 
58675.341 18.887 0.046 
58675.342 18.890 0.044 
58675.343 18.983 0.047 
58676.307 19.133 0.061 
58676.322 19.006 0.060 
58677.318 19.103 0.084 
58677.319 19.112 0.070 
58677.342 19.168 0.083 
58678.284 19.182 0.081 
58678.285 19.138 0.072 
58678.293 19.263 0.102 
58678.298 19.355 0.102 
58678.298 19.261 0.096 
58678.318 19.231 0.087 
58679.286 19.157 0.086 
58679.293 19.212 0.093 
58679.295 19.396 0.100 
58679.323 19.387 0.105 
58680.208 19.387 0.127 
58681.227 19.340 0.108 
58681.228 19.431 0.127 
58682.227 19.624 0.143 
58683.187 19.590 0.074 
58683.202 19.513 0.074 
58683.205 19.515 0.080 
58684.193 19.657 0.069 
58684.216 19.528 0.072 
58684.217 19.571 0.092 
58684.218 19.688 0.074 
58684.219 19.893 0.090 
58685.172 19.919 0.105 
58685.202 19.711 0.055 
58685.203 19.611 0.074 
58685.290 19.906 0.110 
58686.206 19.536 0.080 
58686.285 19.778 0.094 
58688.301 20.018 0.090 
58690.275 19.999 0.090 
58690.279 19.968 0.124 
58691.312 20.256 0.133 
58691.317 20.094 0.101 
58693.255 20.087 0.106 
58693.257 20.209 0.105 
58693.273 20.151 0.093 
58693.307 20.073 0.097 
58696.259 20.044 0.124 
58696.331 20.341 0.145 
58697.190 20.262 0.121 
58699.190 20.092 0.117 
58699.191 20.442 0.162 
58700.256 20.293 0.130 
58700.270 20.157 0.092 
58701.374 20.332 0.144 
58703.189 20.370 0.158 
58704.329 20.489 0.182 
58705.253 20.416 0.236 
58706.186 20.299 0.171 
58707.258 20.315 0.215 
58707.269 20.291 0.226 
58708.341 19.954 0.202 
58709.152 20.334 0.257 
58709.154 20.651 0.302 
58709.184 20.425 0.262 
58709.250 19.866 0.163 
58710.152 20.631 0.305 
58710.154 20.354 0.234 
filter ztfr
58637.317 20.470 0.184 
58638.307 19.723 0.160 
58638.309 19.908 0.119 
58638.310 19.845 0.102 
58639.300 19.339 0.107 
58639.331 19.327 0.068 
58639.333 19.360 0.057 
58640.259 18.928 0.067 
58640.279 18.909 0.035 
58640.283 18.936 0.111 
58640.479 18.914 0.128 
58641.329 18.555 0.048 
58641.403 18.599 0.032 
58641.403 18.585 0.031 
58641.405 18.518 0.049 
58641.406 18.501 0.050 
58641.465 18.561 0.061 
58642.277 18.376 0.031 
58642.281 18.338 0.041 
58642.455 18.306 0.061 
58642.477 18.276 0.042 
58643.259 18.141 0.037 
58643.281 18.192 0.034 
58643.301 18.181 0.031 
58643.303 18.180 0.026 
58644.280 17.978 0.037 
58644.298 17.978 0.025 
58644.299 17.933 0.024 
58644.301 18.010 0.038 
58644.323 17.954 0.037 
58644.324 17.975 0.029 
58645.290 17.841 0.044 
58645.310 17.841 0.038 
58645.330 17.853 0.029 
58645.332 17.834 0.020 
58646.244 17.779 0.042 
58646.280 17.702 0.035 
58646.306 17.755 0.053 
58647.279 17.738 0.029 
58647.308 17.678 0.031 
58647.309 17.690 0.036 
58647.311 17.630 0.027 
58647.329 17.718 0.029 
58648.228 17.652 0.030 
58648.250 17.576 0.025 
58648.256 17.667 0.031 
58649.252 17.546 0.030 
58649.277 17.524 0.042 
58649.310 17.551 0.038 
58650.317 17.469 0.020 
58650.327 17.513 0.031 
58653.402 17.422 0.026 
58653.412 17.432 0.029 
58653.414 17.461 0.021 
58653.423 17.460 0.028 
58657.357 17.500 0.012 
58657.358 17.517 0.019 
58657.384 17.488 0.025 
58657.385 17.500 0.017 
58657.416 17.503 0.017 
58660.334 17.585 0.019 
58661.333 17.676 0.023 
58663.315 17.744 0.019 
58663.337 17.753 0.035 
58663.339 17.762 0.021 
58668.321 18.121 0.027 
58669.330 18.096 0.028 
58669.407 18.096 0.033 
58669.408 18.137 0.036 
58670.385 18.125 0.034 
58672.225 18.131 0.034 
58673.224 18.166 0.048 
58675.284 18.174 0.051 
58675.285 18.145 0.039 
58675.291 18.126 0.033 
58676.287 18.234 0.063 
58677.255 18.103 0.026 
58677.257 18.278 0.093 
58678.217 18.125 0.073 
58678.247 18.198 0.071 
58678.249 18.126 0.034 
58678.250 18.167 0.033 
58679.245 18.225 0.063 
58679.247 18.297 0.047 
58680.273 18.129 0.058 
58681.277 18.268 0.045 
58681.278 18.284 0.049 
58681.280 18.254 0.048 
58682.269 18.206 0.034 
58684.174 18.371 0.029 
58684.175 18.334 0.031 
58684.176 18.328 0.043 
58684.451 18.401 0.071 
58685.321 18.449 0.040 
58685.322 18.410 0.060 
58686.304 18.528 0.062 
58686.307 18.542 0.049 
58688.362 18.555 0.059 
58688.362 18.653 0.053 
58688.371 18.628 0.078 
58690.185 18.631 0.049 
58690.361 18.854 0.086 
58691.185 18.809 0.083 
58691.195 18.829 0.048 
58691.196 18.791 0.057 
58691.199 18.831 0.053 
58692.321 18.901 0.101 
58692.324 18.847 0.056 
58693.211 18.925 0.055 
58693.226 18.876 0.137 
58694.195 18.860 0.072 
58694.196 18.943 0.058 
58694.198 18.918 0.092 
58695.228 18.850 0.061 
58696.349 18.991 0.100 
58696.350 19.117 0.068 
58697.179 19.185 0.128 
58697.182 19.027 0.068 
58697.183 19.128 0.069 
58697.383 19.040 0.090 
58698.407 19.219 0.115 
58700.186 19.438 0.178 
58700.381 19.267 0.087 
58703.182 19.412 0.151 
58703.183 19.298 0.104 
58703.186 19.339 0.098 
58703.187 19.312 0.080 
58704.180 19.236 0.082 
58704.181 19.234 0.104 
58705.187 19.201 0.126 
58707.158 19.432 0.220 
58707.170 19.486 0.119 
58707.171 19.316 0.095 
58707.176 19.350 0.168 
58709.256 19.497 0.121 
58709.271 19.624 0.207 
58711.287 19.848 0.163 
58711.298 19.534 0.166 
58712.248 19.869 0.189 
58713.247 19.354 0.147 
58713.248 19.517 0.177 
58714.353 19.783 0.154 
58714.353 19.663 0.172 
58715.330 19.681 0.134 
filter ztfi
58640.300 19.305 0.195 
58644.237 18.364 0.081 
58648.305 18.120 0.075 
58652.268 18.067 0.089 
58658.435 18.308 0.076 
58662.353 18.447 0.095 
58668.463 18.818 0.130 
58672.442 18.818 0.124 
58679.266 18.741 0.121 
58688.338 18.693 0.168 
58692.309 19.054 0.119 
58703.382 19.600 0.234 
58710.242 19.672 0.304 
