ZTF18accqcab 0.065 347.601419 10.737162
filter ztfg
58426.206 18.501 0.030 
58429.206 18.368 0.014 
58433.170 18.405 0.033 
58434.145 18.522 0.038 
58436.176 18.587 0.047 
58441.240 19.008 0.083 
58457.122 20.468 0.191 
58482.132 20.976 0.278 
filter ztfr
58423.140 19.074 0.070 
58429.144 18.884 0.053 
58433.123 18.822 0.053 
58436.123 18.514 0.098 
58443.108 19.401 0.093 
58457.153 19.413 0.096 
58469.092 20.376 0.140 
filter ztfi
58426.283 18.928 0.055 
58430.239 18.979 0.051 
58434.235 19.209 0.106 
