ZTF19abipmfl 0.07205042 342.07131 -2.818667
filter ztfg
58690.454 19.811 0.066 
58693.417 19.421 0.043 
58695.435 19.388 0.039 
58696.401 19.284 0.032 
58708.419 19.753 0.131 
58714.475 19.870 0.193 
58725.325 21.015 0.149 
58733.315 21.216 0.251 
filter ztfr
58690.400 19.701 0.062 
58693.392 19.207 0.033 
58696.377 18.927 0.025 
58705.445 18.887 0.026 
58708.503 19.111 0.051 
58714.374 19.294 0.087 
58717.332 19.630 0.077 
58750.277 20.417 0.171 
filter ztfi
58691.338 19.276 0.060 
58697.457 19.027 0.049 
58705.419 19.167 0.061 
58715.305 19.720 0.183 
58725.304 19.486 0.098 
58734.302 19.573 0.190 
