ZTF19aauoulb 0.05361658 159.1362 45.279633
filter ztfg
58619.220 18.214 0.043 
58632.195 18.588 0.022 
58633.217 18.687 0.019 
58634.199 18.808 0.020 
58634.209 18.807 0.024 
58637.221 19.234 0.034 
58640.178 19.524 0.061 
58643.172 19.795 0.115 
58646.192 20.053 0.201 
58649.178 20.154 0.236 
filter ztfr
58616.166 18.749 0.043 
58618.214 18.421 0.033 
58632.185 18.532 0.029 
58637.174 18.714 0.022 
58640.227 18.761 0.029 
58643.247 18.881 0.053 
58646.224 19.039 0.058 
58649.221 19.269 0.105 
58654.178 19.753 0.105 
58662.182 20.071 0.140 
58672.199 20.452 0.245 
filter ztfi
58616.206 19.099 0.083 
58628.163 18.777 0.051 
