ZTF18acvjnst 0.03574 231.57608 8.952449
filter ztfg
58480.525 16.682 0.016 
58487.516 17.001 0.007 
58494.540 17.625 0.008 
58502.471 18.378 0.119 
58507.537 18.786 0.075 
58511.502 19.012 0.064 
58522.520 19.465 0.061 
58526.545 19.616 0.087 
58543.505 20.096 0.108 
58547.417 20.017 0.072 
filter ztfr
58467.557 18.031 0.021 
58467.561 18.033 0.022 
58468.559 17.807 0.016 
58468.564 17.769 0.017 
58468.568 17.793 0.020 
58468.573 17.739 0.022 
58476.537 16.832 0.011 
58487.548 17.005 0.008 
58508.518 17.841 0.026 
58522.546 18.610 0.023 
58526.523 18.838 0.054 
58543.460 19.429 0.075 
filter ztfi
58547.457 19.720 0.106 
