ZTF19adakcrw 0.12604009 172.960925 44.89554
filter ztfg
58828.560 21.205 0.307 
58836.557 20.222 0.086 
58836.574 20.338 0.153 
58837.509 20.798 0.221 
58837.509 20.161 0.239 
58837.510 20.140 0.202 
58852.539 21.610 0.189 
58855.512 21.887 0.301 
filter ztfr
58833.448 20.250 0.267 
58836.508 20.326 0.109 
58846.466 20.273 0.074 
58849.449 20.612 0.131 
58852.552 20.705 0.110 
58854.457 20.797 0.271 
58855.372 21.012 0.307 
58881.362 21.565 0.244 
58884.488 21.013 0.301 
filter ztfi
58837.535 20.321 0.140 
58846.531 20.523 0.139 
58855.380 20.676 0.287 
58855.402 20.785 0.206 
58862.519 20.806 0.174 
58862.530 20.706 0.150 
58863.506 20.885 0.172 
58863.527 21.040 0.181 
58864.365 20.961 0.179 
