ZTF19achjpyc 0.09827348 26.868895 -17.786516
filter ztfg
58763.396 20.774 0.185 
58772.258 18.828 0.148 
58779.375 18.687 0.033 
58785.327 18.843 0.045 
58789.340 19.150 0.064 
58805.190 20.554 0.186 
58812.157 20.899 0.197 
filter ztfr
58763.334 20.998 0.260 
58774.280 18.947 0.146 
58779.314 18.786 0.048 
58782.330 18.892 0.046 
58789.273 19.163 0.085 
58793.362 19.274 0.077 
58796.293 19.409 0.179 
58800.295 19.508 0.158 
58805.232 19.995 0.177 
58812.210 19.969 0.115 
filter ztfi
58765.332 20.766 0.297 
