ZTF18acdwohd 0.036 319.04741 11.946217
filter ztfg
58426.184 19.831 0.127 
58429.170 18.583 0.019 
58432.150 17.634 0.012 
58469.144 18.082 0.063 
58472.132 18.449 0.061 
58482.114 19.180 0.107 
filter ztfr
58432.109 17.765 0.015 
58435.087 17.234 0.014 
58443.080 16.682 0.008 
58456.144 17.136 0.012 
58487.081 18.179 0.036 
58487.086 18.205 0.031 
58487.090 18.241 0.028 
58487.095 18.213 0.029 
58488.081 18.300 0.046 
58488.086 18.358 0.047 
58490.085 18.459 0.064 
58490.090 18.430 0.064 
58490.095 18.489 0.063 
58490.099 18.650 0.077 
58491.087 18.501 0.052 
58491.092 18.508 0.040 
58491.097 18.442 0.041 
58493.092 18.564 0.054 
filter ztfi
58434.227 17.604 0.031 
