ZTF18abjyime 0.07218993 237.77638 8.975448
filter ztfg
58332.173 18.266 0.012 
58336.235 18.391 0.020 
58343.171 18.832 0.024 
58346.149 19.146 0.072 
58364.192 20.666 0.140 
58368.194 20.491 0.173 
filter ztfr
58332.273 18.636 0.060 
58343.152 18.743 0.036 
58346.171 18.857 0.031 
58358.190 19.364 0.103 
58361.138 19.380 0.056 
58364.135 19.530 0.099 
58368.131 19.688 0.085 
filter ztfi
58320.228 20.371 0.310 
58332.158 19.193 0.101 
58336.155 18.903 0.074 
58345.158 19.949 0.194 
58379.125 20.460 0.252 
