ZTF18aaylbjm 0.09098741 249.633319 5.12658
filter ztfg
58276.340 19.499 0.036 
58282.273 18.806 0.023 
58288.337 18.849 0.022 
58294.211 19.232 0.092 
58297.231 19.338 0.121 
58300.297 19.434 0.081 
filter ztfr
58273.355 20.218 0.102 
58276.293 19.577 0.046 
58279.275 19.187 0.037 
58282.294 18.946 0.033 
58288.272 18.927 0.030 
58291.270 19.048 0.051 
58294.273 19.146 0.084 
58297.293 19.428 0.125 
58303.296 19.467 0.054 
58306.189 19.594 0.086 
58331.168 20.607 0.145 
58337.204 20.827 0.151 
58346.169 20.954 0.206 
filter ztfi
58278.185 19.275 0.072 
58331.315 20.588 0.300 
