ZTF18aaqpsvo 0.1349201 199.627167 32.002056
filter ztfg
58242.223 20.679 0.100 
58242.224 20.680 0.099 
58243.231 20.630 0.099 
58244.226 20.751 0.093 
58246.298 20.231 0.074 
58247.207 20.565 0.078 
58248.215 20.384 0.083 
58248.215 20.268 0.082 
58255.229 20.334 0.081 
58258.278 20.698 0.120 
filter ztfr
58242.291 20.820 0.178 
58244.174 20.288 0.120 
58248.256 20.547 0.131 
58254.208 20.423 0.105 
58254.209 20.530 0.127 
58256.245 20.507 0.131 
58257.269 20.408 0.118 
58257.270 20.385 0.101 
58257.275 20.432 0.115 
58257.276 20.547 0.130 
58258.232 20.436 0.130 
58269.190 20.914 0.237 
58269.191 20.920 0.241 
58270.173 20.884 0.175 
58274.201 21.240 0.178 
filter ztfi
58263.325 20.545 0.288 
