ZTF18acckipm 0.058239 25.11776 3.556433
filter ztfg
58425.342 19.158 0.033 
58427.331 19.446 0.096 
58428.217 19.428 0.045 
58430.297 19.835 0.056 
58431.234 19.649 0.098 
58434.268 20.102 0.120 
58436.199 20.455 0.251 
58437.231 20.505 0.177 
filter ztfr
58425.271 18.903 0.029 
58428.253 19.151 0.039 
58431.195 19.381 0.106 
58434.309 19.412 0.097 
58437.299 19.347 0.050 
58447.338 20.240 0.259 
58456.191 20.606 0.227 
58456.261 20.353 0.117 
58457.217 20.552 0.186 
58472.120 20.863 0.309 
filter ztfi
58430.249 19.760 0.104 
58434.246 19.867 0.184 
