ZTF18abmjvpb 0.06608 239.548732 19.765206
filter ztfg
58346.149 19.178 0.068 
58360.138 18.237 0.030 
58363.154 18.426 0.018 
58366.207 18.677 0.023 
58369.227 18.956 0.044 
58373.205 19.423 0.071 
58381.172 20.064 0.179 
filter ztfr
58346.171 19.167 0.039 
58353.147 18.304 0.027 
58353.232 18.311 0.027 
58357.232 18.337 0.046 
58360.248 18.282 0.035 
58363.228 18.467 0.039 
58369.128 18.672 0.032 
58373.126 18.825 0.038 
filter ztfi
58345.157 19.766 0.115 
58350.223 18.912 0.053 
58363.133 19.135 0.086 
58367.139 19.254 0.065 
58379.124 19.329 0.070 
