ZTF20acwogqz 0.09095288 160.173185 27.318885
filter ztfg
59194.446 19.958 0.085 
59198.516 19.655 0.054 
59205.430 19.846 0.065 
59222.406 21.197 0.165 
59228.457 21.595 0.227 
filter ztfr
59193.412 19.987 0.074 
59194.500 19.772 0.049 
59198.475 19.628 0.063 
59200.518 19.531 0.094 
59203.473 19.459 0.058 
59210.428 19.820 0.095 
59215.372 19.237 0.239 
59218.483 19.882 0.106 
59222.467 20.286 0.098 
59224.491 20.174 0.110 
59226.487 20.374 0.112 
59228.464 20.364 0.101 
59230.449 20.478 0.104 
59232.416 20.489 0.082 
59251.446 21.082 0.165 
59264.306 21.061 0.187 
filter ztfi
59199.488 19.781 0.120 
59202.444 20.056 0.147 
59218.506 20.249 0.176 
59227.405 20.207 0.135 
59230.384 20.404 0.156 
