ZTF20aappgod 0.07332453 242.705251 1.624984
filter ztfg
58894.562 19.505 0.097 
58904.548 18.388 0.023 
58961.393 21.206 0.275 
filter ztfr
58894.526 19.705 0.104 
58899.518 18.844 0.029 
58904.538 18.460 0.029 
58908.487 18.422 0.021 
58911.521 18.469 0.034 
58914.541 18.465 0.014 
58936.439 19.222 0.034 
58944.505 19.515 0.082 
58953.439 20.270 0.131 
58956.336 20.231 0.106 
58961.399 20.569 0.290 
58964.401 20.319 0.113 
58971.377 20.474 0.154 
58974.336 20.261 0.219 
filter ztfi
58954.368 20.371 0.215 
58974.418 20.421 0.286 
