ZTF20aciigcw 0.04215177 14.709354 12.940049
filter ztfg
59130.364 20.708 0.206 
59134.267 19.464 0.056 
59136.344 19.065 0.041 
59138.256 19.039 0.046 
59140.287 18.902 0.028 
59144.333 19.416 0.043 
59149.449 20.197 0.206 
59164.268 21.121 0.305 
filter ztfr
59130.275 20.620 0.194 
59134.322 19.228 0.063 
59136.309 18.897 0.043 
59138.303 18.557 0.027 
59140.263 18.513 0.030 
59144.236 18.572 0.030 
59149.212 18.922 0.116 
59158.213 20.295 0.194 
59164.283 19.829 0.128 
59167.225 20.556 0.205 
59169.207 20.292 0.144 
filter ztfi
59144.289 18.674 0.071 
