ZTF20abnrdse 0.06811575 240.007585 37.824881
filter ztfg
59051.185 20.815 0.109 
59051.299 20.727 0.122 
59052.278 20.578 0.083 
59052.285 20.469 0.084 
59052.319 20.523 0.093 
59053.247 20.489 0.073 
59053.361 20.510 0.107 
59054.247 20.432 0.075 
59054.288 20.498 0.105 
59055.300 20.340 0.088 
59055.384 20.431 0.172 
59056.284 20.135 0.085 
59057.381 19.952 0.119 
59059.286 19.490 0.062 
59059.386 19.329 0.085 
59060.215 19.285 0.052 
59060.357 19.030 0.078 
59061.172 19.125 0.045 
59062.186 18.981 0.043 
59062.198 18.979 0.052 
59062.364 18.832 0.108 
59063.240 18.843 0.052 
59063.265 18.919 0.058 
59064.202 18.768 0.070 
59065.205 18.583 0.047 
59065.221 18.724 0.055 
59065.265 18.674 0.062 
59066.187 18.643 0.026 
59066.188 18.652 0.030 
59066.359 18.564 0.103 
59067.205 18.637 0.023 
59067.215 18.682 0.027 
59067.336 18.746 0.076 
59068.183 18.632 0.015 
59068.196 18.673 0.017 
59069.186 18.632 0.016 
59069.344 18.572 0.058 
59070.245 18.682 0.019 
59070.246 18.662 0.020 
59070.335 18.613 0.045 
59071.217 18.735 0.018 
59072.243 18.748 0.022 
59072.244 18.754 0.022 
59072.343 18.791 0.080 
59073.226 18.849 0.024 
59073.238 18.810 0.022 
59073.318 18.879 0.045 
59074.199 18.961 0.025 
59074.199 18.872 0.022 
59075.198 18.968 0.027 
59076.183 19.052 0.026 
59077.225 19.060 0.039 
59077.233 19.149 0.032 
59078.206 19.218 0.032 
59078.221 19.170 0.031 
59079.167 19.275 0.030 
59079.176 19.213 0.031 
59081.216 19.539 0.061 
59081.296 19.443 0.087 
59084.179 19.810 0.079 
59085.260 19.897 0.069 
59086.200 19.883 0.081 
59086.286 20.008 0.132 
59087.174 20.060 0.125 
59088.255 20.030 0.225 
59090.238 20.016 0.159 
59091.214 20.483 0.230 
59093.155 20.411 0.230 
59098.194 20.495 0.167 
59099.153 21.036 0.155 
filter ztfr
59051.351 20.595 0.167 
59052.169 20.527 0.118 
59052.173 20.634 0.106 
59052.257 20.621 0.099 
59052.260 20.623 0.115 
59052.366 20.598 0.169 
59053.309 20.198 0.090 
59054.206 20.208 0.082 
59054.350 20.144 0.114 
59055.246 19.947 0.064 
59055.326 19.771 0.073 
59056.196 19.692 0.062 
59057.179 19.336 0.041 
59057.343 19.512 0.068 
59059.166 19.015 0.035 
59059.180 19.089 0.047 
59059.344 19.030 0.055 
59061.255 18.792 0.036 
59061.355 18.697 0.056 
59062.222 18.689 0.037 
59062.224 18.719 0.034 
59062.320 18.799 0.063 
59063.159 18.616 0.028 
59063.178 18.603 0.038 
59064.277 18.538 0.051 
59064.292 18.612 0.077 
59064.357 18.618 0.112 
59065.161 18.577 0.038 
59065.174 18.581 0.045 
59066.223 18.534 0.034 
59066.224 18.552 0.034 
59067.159 18.492 0.025 
59067.176 18.517 0.018 
59067.299 18.481 0.034 
59068.240 18.417 0.023 
59068.345 18.470 0.055 
59069.197 18.528 0.019 
59069.200 18.442 0.016 
59070.182 18.470 0.018 
59070.198 18.519 0.016 
59070.303 18.545 0.031 
59071.184 18.520 0.021 
59071.351 18.694 0.064 
59072.182 18.565 0.023 
59072.196 18.579 0.019 
59072.322 18.547 0.038 
59073.180 18.608 0.023 
59073.209 18.577 0.018 
59074.182 18.578 0.022 
59074.184 18.574 0.023 
59075.220 18.707 0.029 
59075.301 18.706 0.043 
59076.204 18.774 0.023 
59077.154 18.877 0.033 
59078.179 18.901 0.025 
59078.284 18.972 0.052 
59079.228 19.014 0.038 
59079.300 18.959 0.056 
59080.182 19.041 0.043 
59080.301 19.034 0.081 
59081.175 19.136 0.045 
59082.166 19.048 0.034 
59082.258 19.267 0.080 
59084.208 19.265 0.060 
59084.285 19.323 0.095 
59086.163 19.376 0.050 
59086.175 19.171 0.041 
59087.157 19.530 0.074 
59087.276 19.478 0.130 
59088.181 19.439 0.097 
59089.140 19.519 0.115 
59089.218 19.390 0.122 
59090.165 19.466 0.074 
59091.205 19.598 0.098 
59092.216 19.349 0.082 
59092.231 19.533 0.097 
59093.141 19.533 0.089 
59093.204 19.737 0.140 
59094.161 19.730 0.125 
59094.285 19.484 0.236 
59094.286 18.944 0.154 
59095.136 19.720 0.099 
59095.142 19.909 0.102 
59096.203 19.969 0.138 
59098.166 19.928 0.078 
59099.138 19.872 0.077 
59112.177 20.796 0.178 
59117.113 21.149 0.309 
59117.131 21.125 0.259 
filter ztfi
59052.209 20.830 0.167 
59052.348 21.164 0.221 
59053.264 20.825 0.146 
59053.274 20.638 0.123 
59055.267 20.127 0.079 
59055.274 20.183 0.098 
59056.322 20.140 0.102 
59057.285 19.763 0.063 
59057.296 19.916 0.083 
59059.205 19.580 0.063 
59061.203 19.198 0.047 
59061.212 19.210 0.045 
59064.236 19.130 0.070 
59065.283 19.194 0.087 
59065.302 19.191 0.093 
59066.264 19.184 0.048 
59067.233 19.125 0.046 
59069.256 19.212 0.036 
59069.283 19.255 0.038 
59070.268 19.330 0.051 
59070.283 19.308 0.053 
59072.261 19.466 0.050 
59072.294 19.439 0.055 
59073.259 19.454 0.050 
59077.183 19.948 0.063 
59078.238 19.947 0.084 
59078.260 20.143 0.104 
59079.249 20.291 0.136 
59079.257 19.992 0.082 
59080.235 19.921 0.097 
59080.260 20.288 0.129 
59081.268 19.936 0.140 
59082.222 20.274 0.131 
59082.240 20.101 0.107 
59084.218 20.349 0.199 
59085.283 20.259 0.135 
59085.294 20.140 0.129 
59088.193 20.163 0.127 
59089.156 20.192 0.152 
59089.193 20.041 0.136 
59090.193 20.162 0.141 
59090.220 20.001 0.115 
59091.139 20.125 0.112 
59091.170 20.049 0.105 
59092.167 20.011 0.101 
59093.250 19.864 0.159 
59093.266 20.196 0.249 
59096.224 19.996 0.119 
59097.223 20.046 0.156 
59097.244 19.852 0.210 
59098.241 20.261 0.206 
59098.268 20.558 0.309 
59099.260 20.634 0.283 
59111.173 20.977 0.243 
59112.220 20.737 0.246 
59117.184 21.120 0.299 
