ZTF21aalkjbl 0.03737 240.666484 15.762109
filter ztfg
59264.499 19.284 0.032 
59268.506 19.301 0.033 
59270.456 19.839 0.190 
59274.450 19.940 0.247 
59291.485 21.305 0.181 
filter ztfr
59264.525 18.883 0.027 
59268.477 18.536 0.028 
59270.495 18.630 0.047 
59272.487 18.701 0.058 
59274.423 18.956 0.117 
59276.482 19.036 0.062 
59280.444 19.556 0.072 
59291.382 20.138 0.083 
59295.387 20.658 0.194 
59297.420 20.576 0.204 
filter ztfi
59267.506 18.989 0.082 
59270.464 18.822 0.083 
59273.507 18.922 0.108 
59276.463 19.141 0.086 
59292.410 20.225 0.137 
59306.417 20.318 0.185 
