ZTF20aattqfr 0.04161274 233.185013 4.746592
filter ztfg
58943.419 17.379 0.014 
58954.398 18.273 0.021 
58964.356 19.399 0.048 
58967.292 19.803 0.067 
58970.295 20.063 0.100 
58973.271 20.010 0.178 
58979.272 20.242 0.191 
58991.314 20.441 0.115 
58994.271 20.587 0.099 
58998.354 20.752 0.136 
59001.375 20.463 0.188 
59011.291 20.903 0.166 
filter ztfr
58936.439 17.608 0.008 
58943.461 17.351 0.010 
58961.400 18.134 0.033 
58964.404 18.311 0.015 
58967.359 18.627 0.020 
58970.358 18.833 0.031 
58979.317 19.369 0.074 
58985.273 19.673 0.071 
58991.291 19.676 0.063 
58994.312 19.824 0.055 
58998.297 19.943 0.066 
59001.258 20.385 0.163 
59011.255 20.434 0.114 
filter ztfi
58967.332 18.599 0.039 
