ZTF20aanafwi 0.08249659 265.798186 21.246091
filter ztfg
58892.549 19.329 0.067 
58900.550 18.643 0.027 
58904.552 18.700 0.043 
58908.546 18.815 0.026 
58911.543 19.043 0.064 
58936.497 20.876 0.167 
58970.462 21.518 0.176 
58973.461 21.346 0.267 
filter ztfr
58892.540 19.408 0.093 
58895.510 19.009 0.059 
58900.484 18.639 0.046 
58904.536 18.606 0.031 
58908.503 18.666 0.025 
58911.505 18.818 0.051 
58914.522 18.996 0.029 
58936.508 19.674 0.077 
58943.483 20.085 0.086 
58953.456 20.394 0.170 
58964.423 20.670 0.139 
58967.415 20.695 0.145 
58970.414 20.758 0.143 
filter ztfi
58955.484 20.172 0.195 
