ZTF20aammicx 0.076586 261.505544 34.627413
filter ztfg
58885.467 18.972 0.190 
58891.474 18.281 0.075 
58894.558 18.189 0.033 
58898.560 18.301 0.029 
58904.555 18.775 0.063 
58908.541 19.089 0.045 
58911.536 19.320 0.084 
58914.465 19.624 0.121 
filter ztfr
58885.546 19.039 0.072 
58888.511 18.615 0.154 
58894.529 18.147 0.043 
58898.525 18.260 0.033 
58904.525 18.611 0.045 
58908.513 18.948 0.057 
58911.515 19.083 0.096 
58914.535 18.850 0.046 
58936.510 20.329 0.203 
58936.523 20.250 0.180 
58936.524 20.662 0.219 
58943.488 20.666 0.270 
58954.505 20.913 0.266 
filter ztfi
58954.366 20.316 0.304 
