ZTF20acwymdq 0.1216644 165.419788 22.093913
filter ztfg
59194.531 19.578 0.054 
59198.515 19.358 0.043 
59205.431 19.557 0.055 
59219.420 20.786 0.295 
59228.456 21.686 0.273 
59250.453 21.515 0.310 
filter ztfr
59187.489 20.403 0.275 
59194.519 19.690 0.066 
59198.483 19.535 0.071 
59200.518 19.540 0.122 
59203.483 19.591 0.065 
59221.446 20.302 0.137 
59223.463 20.184 0.122 
59225.413 20.218 0.112 
59231.466 20.844 0.123 
59250.448 21.422 0.278 
59256.351 21.170 0.162 
59256.351 22.091 0.312 
filter ztfi
59199.487 19.745 0.138 
