ZTF20acwqlpq 0.07194889 215.038459 58.944833
filter ztfg
59193.548 19.716 0.073 
59198.548 18.664 0.025 
59203.538 18.425 0.023 
59215.494 19.076 0.119 
59217.553 19.188 0.092 
59219.424 19.523 0.097 
59221.487 19.715 0.081 
59223.534 20.025 0.086 
59225.475 20.124 0.171 
59227.473 20.649 0.141 
59229.478 20.499 0.212 
filter ztfr
59193.528 19.750 0.123 
59198.466 18.802 0.055 
59200.536 18.545 0.073 
59203.493 18.498 0.050 
59215.472 18.993 0.107 
59217.470 19.135 0.116 
59219.469 19.224 0.081 
59221.532 19.225 0.103 
59223.491 19.257 0.091 
59225.408 19.333 0.107 
59229.533 19.453 0.100 
59231.479 19.589 0.131 
filter ztfi
59202.466 18.939 0.107 
59224.467 19.498 0.175 
