ZTF20abmzfql 0.07746504 335.700906 23.631482
filter ztfg
59047.442 21.174 0.135 
59047.457 21.091 0.135 
59048.443 20.545 0.085 
59048.490 20.748 0.189 
59048.491 20.476 0.168 
59049.443 20.181 0.060 
59050.409 20.050 0.055 
59051.458 19.644 0.042 
59052.491 19.283 0.051 
59052.491 19.271 0.050 
59053.378 19.137 0.024 
59053.380 19.061 0.020 
59053.381 19.046 0.019 
59054.494 18.858 0.038 
59055.406 18.821 0.018 
59055.415 18.811 0.018 
59056.419 18.692 0.018 
59056.420 18.655 0.017 
59056.434 18.678 0.016 
59057.401 18.652 0.015 
59059.405 18.504 0.017 
59059.406 18.524 0.016 
59059.412 18.516 0.014 
59060.348 18.507 0.020 
59060.378 18.436 0.014 
59061.461 18.427 0.014 
59062.387 18.398 0.026 
59062.456 18.376 0.016 
59062.458 18.467 0.018 
59063.454 18.402 0.033 
59064.474 18.410 0.044 
59065.253 18.454 0.087 
59065.256 18.348 0.069 
59066.373 18.442 0.041 
59066.383 18.444 0.041 
59067.375 18.430 0.031 
59067.377 18.456 0.034 
59068.458 18.561 0.033 
59069.310 18.544 0.027 
59070.331 18.585 0.020 
59071.429 18.751 0.027 
59071.430 18.656 0.024 
59071.430 18.688 0.023 
59072.417 18.721 0.023 
59073.331 18.808 0.021 
59073.339 18.858 0.023 
59075.349 18.940 0.023 
59075.387 18.989 0.024 
59077.359 19.174 0.023 
59077.397 19.135 0.027 
59077.399 19.197 0.028 
59078.397 19.257 0.042 
59079.332 19.293 0.030 
59079.337 19.354 0.030 
59080.398 19.392 0.040 
59080.401 19.405 0.042 
59080.401 19.382 0.033 
59081.307 19.477 0.035 
59081.317 19.531 0.041 
59082.296 19.615 0.049 
59084.358 19.682 0.044 
59084.379 19.737 0.045 
59085.371 19.732 0.043 
59085.386 19.817 0.049 
59086.296 19.923 0.049 
59087.347 20.128 0.073 
59087.348 19.939 0.063 
59087.353 20.028 0.065 
59088.325 20.125 0.083 
59089.287 20.121 0.127 
59089.391 20.155 0.088 
59090.285 19.952 0.142 
59090.402 20.297 0.088 
59090.403 20.189 0.079 
59091.304 20.490 0.193 
59091.450 20.292 0.089 
59092.303 20.532 0.242 
59096.174 20.424 0.196 
59097.349 20.336 0.194 
59098.229 20.486 0.151 
59106.313 20.829 0.162 
59106.314 20.898 0.189 
59106.331 20.950 0.203 
59107.331 21.128 0.185 
59107.332 20.854 0.180 
59107.359 20.897 0.167 
59108.306 21.028 0.187 
59108.360 21.190 0.207 
59111.328 21.176 0.182 
59111.337 21.284 0.191 
59111.343 21.232 0.191 
59112.292 21.363 0.178 
59112.293 21.143 0.152 
59112.305 21.307 0.166 
59113.191 21.307 0.179 
59113.366 21.289 0.198 
59113.372 21.393 0.211 
59114.243 21.399 0.179 
59114.316 21.308 0.187 
59115.215 21.193 0.190 
59115.251 20.980 0.140 
59115.252 21.329 0.196 
59115.253 21.255 0.177 
59116.246 21.188 0.205 
59116.275 21.548 0.229 
59116.299 21.275 0.166 
59116.300 21.430 0.204 
59117.265 21.677 0.311 
59117.322 21.291 0.176 
59117.323 21.123 0.155 
59118.359 21.162 0.178 
59118.360 21.537 0.245 
59118.443 21.039 0.240 
59119.222 21.236 0.295 
59119.363 21.240 0.311 
59120.452 20.639 0.292 
filter ztfr
59048.407 21.176 0.182 
59049.405 20.437 0.094 
59050.451 19.928 0.069 
59050.453 19.957 0.059 
59051.391 19.761 0.051 
59051.399 19.705 0.045 
59052.404 19.461 0.033 
59053.443 19.234 0.029 
59053.444 19.248 0.027 
59054.388 19.141 0.028 
59054.404 19.139 0.031 
59055.368 19.013 0.024 
59055.455 18.977 0.024 
59056.382 18.901 0.024 
59056.383 18.924 0.024 
59056.494 18.891 0.038 
59057.360 18.799 0.022 
59057.373 18.833 0.022 
59059.330 18.608 0.026 
59059.451 18.635 0.021 
59059.454 18.671 0.018 
59060.416 18.498 0.015 
59060.426 18.561 0.018 
59061.305 18.462 0.026 
59061.420 18.549 0.017 
59062.467 18.514 0.019 
59062.467 18.495 0.018 
59063.330 18.431 0.031 
59063.394 18.467 0.033 
59064.348 18.445 0.049 
59064.431 18.455 0.037 
59065.384 18.379 0.044 
59065.405 18.422 0.051 
59065.406 18.516 0.056 
59066.447 18.545 0.043 
59067.422 18.491 0.032 
59068.387 18.455 0.025 
59068.387 18.478 0.027 
59069.408 18.448 0.023 
59069.447 18.527 0.025 
59070.311 18.470 0.026 
59071.338 18.567 0.023 
59071.339 18.576 0.023 
59071.393 18.576 0.022 
59072.329 18.620 0.022 
59073.312 18.696 0.024 
59075.328 18.814 0.026 
59076.339 18.793 0.027 
59076.358 18.863 0.029 
59078.306 18.952 0.028 
59078.338 18.972 0.026 
59079.359 19.054 0.031 
59079.392 18.988 0.024 
59080.327 19.083 0.032 
59080.371 19.072 0.031 
59080.372 19.095 0.033 
59081.370 19.048 0.030 
59081.405 19.096 0.033 
59082.265 19.119 0.033 
59084.306 19.201 0.038 
59084.307 19.064 0.035 
59086.319 19.151 0.029 
59086.332 19.152 0.032 
59087.284 19.268 0.046 
59087.305 19.117 0.035 
59087.369 19.204 0.040 
59088.377 19.201 0.036 
59089.432 19.219 0.038 
59090.455 19.201 0.042 
59090.457 19.279 0.040 
59091.469 19.269 0.036 
59093.351 19.242 0.096 
59093.352 19.251 0.090 
59094.326 19.403 0.140 
59094.359 19.625 0.176 
59095.380 19.508 0.148 
59096.290 19.300 0.070 
59096.316 19.332 0.081 
59097.268 19.449 0.079 
59097.288 19.496 0.095 
59097.288 19.448 0.089 
59098.295 19.490 0.073 
59098.295 19.355 0.061 
59098.351 19.597 0.088 
59098.384 19.485 0.082 
59099.217 19.463 0.056 
59099.310 19.518 0.069 
59099.324 19.463 0.067 
59106.223 19.991 0.114 
59106.343 20.060 0.105 
59106.352 19.876 0.096 
59106.368 20.022 0.121 
59107.254 19.980 0.087 
59107.277 19.872 0.090 
59107.301 19.793 0.090 
59108.381 19.903 0.092 
59109.181 20.051 0.119 
59109.239 19.996 0.077 
59109.240 19.964 0.073 
59110.258 20.316 0.138 
59110.282 20.092 0.128 
59110.289 20.183 0.141 
59111.270 20.284 0.103 
59111.271 20.138 0.077 
59111.406 20.189 0.124 
59112.191 20.049 0.077 
59112.192 20.094 0.072 
59112.203 20.273 0.090 
59112.343 19.989 0.066 
59113.255 20.258 0.090 
59113.256 20.078 0.079 
59113.274 20.343 0.101 
59113.318 20.277 0.117 
59114.296 20.134 0.082 
59114.297 20.422 0.110 
59115.291 20.298 0.086 
59115.298 20.203 0.080 
59115.299 20.152 0.090 
59115.323 20.185 0.096 
59115.324 20.310 0.102 
59116.318 20.269 0.086 
59116.320 20.334 0.090 
59116.356 20.296 0.113 
59117.143 20.176 0.118 
59117.348 20.212 0.088 
59117.358 20.203 0.090 
59118.211 20.314 0.123 
59118.248 20.470 0.147 
59118.321 20.543 0.157 
59118.323 20.485 0.135 
59118.324 20.363 0.122 
59119.168 20.370 0.142 
59119.169 20.323 0.143 
59120.190 20.323 0.180 
59121.150 20.516 0.206 
59121.195 20.660 0.243 
59122.210 20.228 0.229 
59125.308 20.249 0.167 
59126.304 20.578 0.191 
59128.250 20.591 0.179 
59129.224 20.700 0.165 
59129.225 20.872 0.178 
59129.226 20.509 0.139 
59129.255 20.566 0.138 
filter ztfi
59096.233 19.434 0.071 
59096.253 19.419 0.063 
59097.368 19.751 0.104 
59097.378 19.790 0.111 
59098.254 19.572 0.078 
59098.291 19.714 0.076 
59099.253 19.842 0.098 
59099.274 19.692 0.076 
59106.233 20.513 0.191 
59106.271 19.924 0.098 
59107.212 20.248 0.130 
59107.233 19.985 0.092 
59108.318 20.329 0.115 
59108.339 20.217 0.109 
59109.254 20.440 0.139 
59109.275 20.286 0.098 
59110.192 20.526 0.173 
59110.212 20.341 0.163 
59111.275 20.395 0.121 
59111.296 20.554 0.125 
59112.232 20.442 0.128 
59112.253 20.569 0.127 
59113.211 20.305 0.115 
59113.233 20.681 0.145 
59114.253 20.583 0.126 
59114.359 20.552 0.151 
59115.139 20.480 0.150 
59116.151 20.871 0.230 
59116.170 20.565 0.159 
59117.171 20.602 0.148 
59117.191 20.621 0.147 
59118.151 20.608 0.153 
59118.173 20.770 0.189 
59119.276 20.857 0.198 
59119.314 20.640 0.159 
59120.150 20.530 0.221 
59120.171 20.388 0.145 
59121.233 20.755 0.242 
59121.253 20.469 0.178 
59122.171 20.636 0.246 
